-0.503437876701355,0.07842132449150085,0.8201707601547241,-0.48900508880615234,0.07165060937404633,0.8039666414260864,-0.4890174865722656,0.05869711562991142,0.8227648735046387,-0.4722060561180115,0.09059756249189377,0.8216958045959473,-0.5002272725105286,0.12324877828359604,0.876274824142456,-0.49154627323150635,0.09515934437513351,0.8526538014411926,-0.4924488961696625,0.13510030508041382,0.8945850729942322,-0.556056022644043,0.1519833356142044,1.074824333190918,-0.562592625617981,0.17105869948863983,1.0603338479995728,-0.4987143874168396,0.12366753816604614,0.9188814163208008,-0.5766052007675171,0.17033284902572632,1.07883620262146,-0.48201149702072144,0.09491561353206635,0.8774968385696411,-0.6078791618347168,0.18313100934028625,1.2082864046096802,-0.5950065851211548,0.19857686758041382,1.212053894996643,-0.5641109347343445,0.17014317214488983,1.155121922492981,-0.6039188504219055,0.18448148667812347,1.2623400688171387,-0.6004577875137329,0.1723099797964096,1.2065829038619995,-0.5667080283164978,0.18396838009357452,1.0675604343414307,-0.5901234745979309,0.18971073627471924,1.19978666305542,-0.5990885496139526,0.19375644624233246,1.2651748657226562,-0.5736815929412842,0.1774584949016571,1.2317655086517334,-0.5637539029121399,0.16360707581043243,1.2059520483016968,-0.5629931688308716,0.15961110591888428,1.158416986465454,-0.587128221988678,0.1727045476436615,1.2759480476379395,-0.5699909925460815,0.1915816366672516,1.2870972156524658,-0.6057890057563782,0.1902378350496292,1.3597183227539062,-0.608433187007904,0.17159906029701233,1.3539612293243408,-0.5964930057525635,0.19322170317173004,1.3521579504013062,-0.5694235563278198,0.18246854841709137,1.3417474031448364,-0.5774675607681274,0.17735907435417175,1.3485203981399536,-0.5855407118797302,0.17622244358062744,1.3228635787963867,-0.582606852054596,0.17901378870010376,1.3897676467895508,-0.5726603865623474,0.17117878794670105,1.2372255325317383,-0.5377697944641113,0.1758374571800232,1.2743459939956665,-0.588801383972168,0.19774965941905975,1.4391791820526123,-0.5967775583267212,0.18949764966964722,1.4423354864120483,-0.5556235313415527,0.155846506357193,1.4462857246398926,-0.5600281953811646,0.18234771490097046,1.4267213344573975,-0.5767483711242676,0.18250621855258942,1.47067129611969,-0.5608819127082825,0.16498704254627228,1.4245392084121704,-0.5630845427513123,0.19302573800086975,1.4650520086288452,-0.5575973391532898,0.18841080367565155,1.5062901973724365,-0.5652458071708679,0.17325714230537415,1.497145175933838,-0.5616485476493835,0.16589206457138062,1.5411115884780884,-0.5789980292320251,0.16254004836082458,1.5758366584777832,-0.5758864879608154,0.17716148495674133,1.5643261671066284,-0.5777002573013306,0.16443103551864624,1.5525399446487427,-0.5550722479820251,0.17156687378883362,1.548782467842102,-0.5480684638023376,0.1641124188899994,1.6131312847137451,-0.5297285318374634,0.14266040921211243,1.572226881980896,-0.5197709798812866,0.16048772633075714,1.6024365425109863,-0.5727360844612122,0.15180480480194092,1.6328885555267334,-0.5678004026412964,0.16774645447731018,1.6330609321594238,-0.547914981842041,0.15302318334579468,1.6087480783462524,-0.526027500629425,0.13771302998065948,1.6709085702896118,-0.5228158831596375,0.13184645771980286,1.6606531143188477,-0.5082197189331055,0.1503531038761139,1.6715351343154907,-0.4720994532108307,0.11926762014627457,1.6493587493896484,-0.48716163635253906,0.14533689618110657,1.7060712575912476,-0.4528850317001343,0.1169528141617775,1.6996221542358398,-0.4686168134212494,0.146784707903862,1.6520901918411255,-0.4242297112941742,0.12820038199424744,1.7024413347244263,-0.41003963351249695,0.10832954198122025,1.710312843322754,-0.4032292664051056,0.13509932160377502,1.6761149168014526,-0.3996294140815735,0.14353270828723907,1.7058415412902832,-0.3841573894023895,0.11741606146097183,1.6971800327301025,-0.3673939108848572,0.11856253445148468,1.6492046117782593,-0.37620681524276733,0.08497975766658783,1.6935867071151733,-0.3604203760623932,0.09714587777853012,1.5733466148376465,-0.3430177867412567,0.08498653769493103,1.638463020324707,-0.2923165559768677,0.09728309512138367,1.5712584257125854,-0.31398504972457886,0.08716467022895813,1.612034797668457,-0.3340728282928467,0.10118632018566132,1.6447205543518066,-0.28909438848495483,0.07034772634506226,1.56251859664917,-0.24800783395767212,0.08752584457397461,1.5249197483062744,-0.23936477303504944,0.06715627759695053,1.5016798973083496,-0.27458351850509644,0.07312150299549103,1.5594265460968018,-0.2788529694080353,0.1073504090309143,1.5127416849136353,-0.15379080176353455,0.03339460492134094,1.3840781450271606,-0.2091994434595108,0.07141699641942978,1.470552921295166,-0.18332302570343018,0.05022355169057846,1.4311195611953735,-0.14359962940216064,0.06765738874673843,1.3517534732818604,-0.14350201189517975,0.04621053859591484,1.3890795707702637,-0.1346142292022705,0.05317159369587898,1.3777002096176147,-0.1349499672651291,0.06040431559085846,1.329535722732544,-0.09054239094257355,0.0190383680164814,1.337799310684204,-0.07101932913064957,0.03458254411816597,1.3400416374206543,-0.07652374356985092,0.04214391112327576,1.3634717464447021,-0.07478370517492294,0.020191781222820282,1.3588684797286987,0.03661271929740906,0.015051104128360748,1.3765180110931396,0.05055570602416992,0.005173373967409134,1.3454418182373047,0.04491221532225609,-0.0066820308566093445,1.365329384803772,0.04581542685627937,0.02193398028612137,1.3600585460662842,0.08028610050678253,0.004636779427528381,1.3964958190917969,0.0821496918797493,0.0190587155520916,1.3916339874267578,0.10984643548727036,-0.0030093733221292496,1.3374360799789429,0.1250564455986023,-0.0049671754240989685,1.4139761924743652,0.11350661516189575,-0.008236715570092201,1.3420805931091309,0.11158625781536102,0.0038260333240032196,1.4313476085662842,0.11886773258447647,0.013919942080974579,1.3437261581420898,0.116178959608078,0.01977616176009178,1.4219670295715332,0.12567536532878876,0.02627347782254219,1.4841974973678589,0.12739135324954987,0.025077179074287415,1.5484752655029297,0.177345871925354,-0.01169592048972845,1.4038691520690918,0.13235032558441162,0.017539694905281067,1.5835764408111572,0.1603928506374359,-0.0055405572056770325,1.4912766218185425,0.14218829572200775,0.0355604887008667,1.5731009244918823,0.14457690715789795,0.03385921195149422,1.6566073894500732,0.15222209692001343,0.04545163735747337,1.6600713729858398,0.14994148910045624,0.0497969314455986,1.7008328437805176,0.1462237536907196,0.036301493644714355,1.732102394104004,0.15666016936302185,0.0291229747235775,1.7367461919784546,0.1755155473947525,0.034443654119968414,1.7637684345245361,0.20304927229881287,0.05884452164173126,1.748488426208496,0.17952963709831238,0.05232733115553856,1.766136884689331,0.21618594229221344,0.02364201843738556,1.7339794635772705,0.28485384583473206,0.026789672672748566,1.6360787153244019,0.2100360095500946,0.03896225988864899,1.7655489444732666,0.2557615339756012,0.0473659485578537,1.7756547927856445,0.25501400232315063,0.03081343322992325,1.777359962463379,0.3139725923538208,0.014245845377445221,1.7511332035064697,0.2829743027687073,0.011966969817876816,1.7120037078857422,0.3231427073478699,-0.01804647035896778,1.6059675216674805,0.33424508571624756,0.008760897442698479,1.5436770915985107,0.30823493003845215,0.03802938014268875,1.763086199760437,0.41284435987472534,-0.008889861404895782,1.7010384798049927,0.32203996181488037,0.027927543967962265,1.766331434249878,0.3650069236755371,0.010988257825374603,1.753218650817871,0.3463144898414612,0.02458532527089119,1.7130422592163086,0.36978933215141296,0.026721175760030746,1.7540264129638672,0.40987998247146606,0.01312812976539135,1.7089850902557373,0.4116264581680298,0.011516120284795761,1.6817660331726074,0.365511417388916,0.0002129487693309784,1.6895912885665894,0.3764028251171112,0.01106182485818863,1.7282909154891968,0.41159898042678833,-0.0026939809322357178,1.6757563352584839,0.4490104913711548,0.01071053184568882,1.6332547664642334,0.44942641258239746,-0.0035716593265533447,1.6335922479629517,0.4659355878829956,-0.0013250987976789474,1.5926830768585205,0.47997021675109863,-0.02150656282901764,1.592188835144043,0.5066425800323486,0.0016217604279518127,1.6139651536941528,0.4988742470741272,-0.010042119771242142,1.615438461303711,0.5143308639526367,-0.012641716748476028,1.5676966905593872,0.4913356900215149,-0.011355956085026264,1.5917030572891235,0.5212662220001221,-0.019714759662747383,1.5233772993087769,0.5243693590164185,-0.03331374377012253,1.5237464904785156,0.5693824887275696,-0.026164596900343895,1.4895156621932983,0.5642290115356445,-0.036695532500743866,1.452006459236145,0.5408507585525513,-0.04894141107797623,1.4574626684188843,0.5713890790939331,-0.04595114663243294,1.4121149778366089,0.5133171081542969,-0.028862349689006805,1.564308762550354,0.5537371635437012,-0.022153686732053757,1.5451467037200928,0.5566506385803223,-0.041280653327703476,1.4985852241516113,0.5417100191116333,-0.042670249938964844,1.5471361875534058,0.6406883597373962,-0.061846379190683365,1.4103708267211914,0.5899240970611572,-0.06541909277439117,1.4434661865234375,0.6079152226448059,-0.059124819934368134,1.414638638496399,0.6016368269920349,-0.05267469212412834,1.4730143547058105,0.5927668213844299,-0.06632062792778015,1.415571928024292,0.6131246089935303,-0.060605306178331375,1.3843162059783936,0.6031520366668701,-0.07687325775623322,1.3855044841766357,0.6473264098167419,-0.062382154166698456,1.42369544506073,0.6367990970611572,-0.0754852220416069,1.4115281105041504,0.635964035987854,-0.070523701608181,1.4309239387512207,0.6454185247421265,-0.07823097705841064,1.3560985326766968,0.6977834105491638,-0.08415728807449341,1.3209114074707031,0.6531549096107483,-0.07019872218370438,1.331839919090271,0.699002742767334,-0.08068177103996277,1.298344612121582,0.6846426725387573,-0.09723103046417236,1.2973487377166748,0.7429836392402649,-0.11788097023963928,1.100319266319275,0.719437301158905,-0.13527582585811615,1.1240547895431519,0.7391573786735535,-0.1496371030807495,1.074660301208496,0.7504380345344543,-0.12876227498054504,1.103712558746338,0.6945475339889526,-0.16316255927085876,1.0872504711151123,0.7508068680763245,-0.18080618977546692,1.040653944015503,0.7408467531204224,-0.19320398569107056,1.0461143255233765,-0.46441811323165894,0.06656533479690552,0.8226706981658936,-0.4344044327735901,0.0524451807141304,0.7926937341690063,-0.43133142590522766,0.03413902968168259,0.7604549527168274,-0.4309194087982178,0.036199260503053665,0.8011358976364136,-0.3944791853427887,0.03926553949713707,0.7311860918998718,-0.382809042930603,0.016732819378376007,0.731414794921875,-0.4818336069583893,0.12795203924179077,0.8750773072242737,-0.47044193744659424,0.08176295459270477,0.9310390949249268,-0.4518533945083618,0.07311762869358063,0.8740248680114746,-0.4390559792518616,0.06686799973249435,0.8718054294586182,-0.40568307042121887,0.04871359094977379,0.8018162250518799,-0.38720405101776123,0.015844643115997314,0.7806259989738464,-0.39618444442749023,0.0018291361629962921,0.7436597347259521,-0.3434518575668335,-0.003828126937150955,0.6479027271270752,-0.35147199034690857,-0.01724848337471485,0.6725713610649109,-0.3154909610748291,-0.04967377334833145,0.6439298391342163,-0.3960544466972351,0.028216984122991562,0.8430288434028625,-0.3782609701156616,0.028119545429944992,0.7733868360519409,-0.3243628442287445,0.004767436534166336,0.6445520520210266,-0.3713361620903015,0.016788318753242493,0.7636517882347107,-0.3775520920753479,0.030274856835603714,0.7905945777893066,-0.37008917331695557,0.0016012415289878845,0.7447770237922668,-0.3551538586616516,-0.02456825226545334,0.7526772022247314,-0.4520416557788849,0.10767986625432968,1.0696735382080078,-0.2822141945362091,-0.10922281444072723,0.6339115500450134,-0.24625082314014435,-0.12364581227302551,0.5532311201095581,-0.4826735258102417,0.09511764347553253,1.1854147911071777,-0.4822046756744385,0.09727037698030472,1.099692702293396,-0.43399176001548767,0.09408561885356903,1.0459849834442139,-0.5074654817581177,0.10725685954093933,1.2039690017700195,-0.4927813410758972,0.15215492248535156,1.1372102499008179,-0.3527297079563141,-0.0522150844335556,0.8399530053138733,-0.5256043672561646,0.1707569658756256,1.3416615724563599,-0.4773916006088257,0.14214399456977844,1.2838810682296753,-0.2382790446281433,-0.003528248518705368,0.680123507976532,-0.21228235960006714,-0.013974780216813087,0.5910435318946838,-0.31083181500434875,0.03136274963617325,0.8184449076652527,-0.1871757060289383,-0.03717103973031044,0.5866447687149048,-0.3520735204219818,0.03785074129700661,0.9950811862945557,-0.35556524991989136,0.012390602380037308,0.9301412105560303,-0.31314992904663086,0.029948096722364426,0.888136625289917,-0.30171525478363037,0.0342632457613945,0.9409317970275879,-0.29751071333885193,0.0553513765335083,0.9405763149261475,-0.34092938899993896,0.04176385700702667,1.0212377309799194,-0.4730111062526703,0.1151963397860527,1.4142197370529175,-0.5026427507400513,0.1610303372144699,1.4376516342163086,-0.31173935532569885,0.07392442226409912,1.04145085811615,-0.39950472116470337,0.11206169426441193,1.2048747539520264,-0.4109385907649994,0.08262642472982407,1.1869622468948364,-0.44992226362228394,0.11633209884166718,1.5287392139434814,-0.43780675530433655,0.1086856871843338,1.4020416736602783,-0.4739144742488861,0.15049158036708832,1.5029699802398682,-0.33605700731277466,0.07152538001537323,1.133798360824585,-0.33782315254211426,0.1038614958524704,1.1500670909881592,-0.32246506214141846,0.07214883714914322,1.0994200706481934,-0.311758816242218,0.07885250449180603,1.0900721549987793,-0.385882169008255,0.13181811571121216,1.3420425653457642,-0.3502461314201355,0.12070147693157196,1.2798614501953125,-0.3418763279914856,0.0953359603881836,1.4594992399215698,-0.2349223494529724,0.07598724961280823,1.0940653085708618,-0.4027404189109802,0.13888567686080933,1.54584801197052,-0.26640909910202026,0.07429228723049164,1.4385149478912354,-0.3019361197948456,0.1184733659029007,1.4298207759857178,-0.2455761879682541,0.07116501033306122,1.3683110475540161,-0.23102474212646484,0.10086537897586823,1.3620631694793701,-0.2000446915626526,0.08522213250398636,1.2743291854858398,-0.16911329329013824,0.06520088016986847,1.2371901273727417,0.215071439743042,0.009422071278095245,1.2163509130477905,0.1907181441783905,-0.011121786199510098,1.2291454076766968,0.23177878558635712,-0.0088272700086236,1.1820340156555176,0.23368197679519653,0.011103074997663498,1.3641282320022583,0.20255164802074432,-0.019964726641774178,1.2870811223983765,0.21450310945510864,0.008550113998353481,1.2951321601867676,0.27536725997924805,-0.00367753766477108,1.2480723857879639,0.2840467691421509,-0.0319020040333271,1.2447465658187866,0.29818016290664673,-0.012582461349666119,1.1510708332061768,0.31375181674957275,-0.019569555297493935,1.1251882314682007,0.29296520352363586,-0.025303447619080544,1.1551228761672974,0.311356782913208,-0.03030567243695259,1.134905457496643,0.3423556089401245,-0.01980678178369999,1.1415934562683105,0.2658741772174835,0.016846202313899994,1.5302987098693848,0.2658669948577881,-0.016272392123937607,1.4923371076583862,0.38356539607048035,-0.029557539150118828,1.123001217842102,0.3604079782962799,-0.04972062259912491,1.1350674629211426,0.3371778130531311,-0.029683705419301987,1.1461710929870605,0.37442779541015625,-0.03505152463912964,1.1193715333938599,0.4111468195915222,-0.04702427610754967,1.0860114097595215,0.303366094827652,-0.027294818311929703,1.3995074033737183,0.42740270495414734,-0.035574354231357574,1.222862720489502,0.37455904483795166,-0.06124473363161087,1.1584970951080322,0.380616694688797,-0.038565680384635925,1.1727838516235352,0.39473608136177063,-0.01641950011253357,1.3612034320831299,0.4054669439792633,-0.056680064648389816,1.2136887311935425,0.4572370648384094,-0.050764456391334534,1.1365609169006348,0.44093161821365356,-0.03614466264843941,1.1846729516983032,0.44142088294029236,-0.05548825487494469,1.157013177871704,0.43385156989097595,-0.08098278939723969,1.1846994161605835,0.4045838713645935,-0.022531917318701744,1.412095069885254,0.4351845681667328,-0.03743245452642441,1.2957053184509277,0.41155171394348145,-0.06290489435195923,1.3160759210586548,0.38347142934799194,-0.03921431303024292,1.5503792762756348,0.4712727665901184,-0.06169140338897705,1.1799616813659668,0.4138123095035553,-0.012868328019976616,1.5232322216033936,0.43421244621276855,-0.03142358362674713,1.465002417564392,0.43410158157348633,-0.05269990116357803,1.5168747901916504,0.5543537139892578,-0.1297539472579956,0.98260498046875,0.46869516372680664,-0.07152140885591507,1.4468741416931152,0.502813458442688,-0.07609441876411438,1.4069678783416748,0.4978964924812317,-0.04607380926609039,1.352088212966919,0.5049208998680115,-0.09962637722492218,1.2577123641967773,0.5192335247993469,-0.06741064786911011,1.2539007663726807,0.5215858221054077,-0.04910574108362198,1.3672319650650024,0.5375871062278748,-0.06390246003866196,1.3045090436935425,0.5642609596252441,-0.09070969372987747,1.23928701877594,0.5521267652511597,-0.050606708973646164,1.3947564363479614,0.5578353404998779,-0.07942835241556168,1.365859031677246,0.5918280482292175,-0.2528883218765259,0.837703287601471,0.6235328912734985,-0.27453675866127014,0.6964064240455627,0.6722996234893799,-0.22306373715400696,0.6813482046127319,0.6330732107162476,-0.22731466591358185,0.7176210880279541,0.6144365072250366,-0.1621033102273941,1.0447629690170288,0.6201062202453613,-0.16545066237449646,1.0020462274551392,0.610689103603363,-0.08993351459503174,1.2353566884994507,0.707715630531311,-0.16585779190063477,0.7208946943283081,0.6860020160675049,-0.16186173260211945,0.7950732707977295,0.7008402347564697,-0.16783852875232697,0.9965019226074219,0.728850781917572,-0.19096092879772186,0.8990378379821777,0.6781869530677795,-0.18934452533721924,0.9057959318161011,0.7061874866485596,-0.214677095413208,0.9170956015586853,-0.4198172986507416,0.01834270730614662,0.7036267518997192,-0.4194103479385376,0.0016658864915370941,0.7181551456451416,-0.5344715714454651,0.14833234250545502,1.0712993144989014,-0.5294016599655151,0.1633203625679016,1.0762805938720703,-0.5040514469146729,0.13862332701683044,1.0298261642456055,-0.44901931285858154,0.0904243141412735,0.933963418006897,-0.4412519037723541,0.09032085537910461,0.9891095161437988,-0.4445688724517822,0.05286608636379242,0.893601655960083,-0.40478694438934326,0.06381960213184357,0.9053916335105896,-0.4607698321342468,0.07217695564031601,1.0418822765350342,-0.5213972330093384,0.1277867704629898,1.2057745456695557,-0.5068852305412292,0.12623126804828644,1.1678617000579834,-0.26836639642715454,0.006844915449619293,0.7220656871795654,-0.30873221158981323,0.014031223952770233,0.6634847521781921,-0.24960295855998993,-0.009862899780273438,0.6000474691390991,-0.48969361186027527,0.14367425441741943,1.2101327180862427,-0.5351534485816956,0.1378905475139618,1.2545115947723389,-0.33916234970092773,-0.02440323308110237,0.7990739345550537,-0.3256891965866089,-0.04033952206373215,0.7806580066680908,-0.2621304988861084,-0.07330409437417984,0.6220502853393555,-0.23902645707130432,-0.0989152267575264,0.5739595293998718,-0.35534346103668213,0.05587088689208031,0.9137092232704163,-0.5596503019332886,0.1604331135749817,1.3597290515899658,-0.3762935400009155,0.06234230846166611,0.957289457321167,-0.33189067244529724,0.054103877395391464,0.8883375525474548,-0.40244632959365845,0.03679772466421127,0.9887796640396118,-0.3953035771846771,0.0261746346950531,0.9669166803359985,-0.34720394015312195,0.06451455503702164,0.9762126207351685,-0.42241138219833374,0.06471829116344452,1.079643964767456,-0.3039594888687134,0.026871081441640854,0.8444270491600037,-0.2729446291923523,0.004684630781412125,0.7820502519607544,-0.4483393430709839,0.11843481659889221,1.1478201150894165,-0.39359650015830994,0.09059217572212219,1.0942437648773193,-0.39006567001342773,0.059736862778663635,1.0619100332260132,-0.5145434141159058,0.14517317712306976,1.425715684890747,-0.4801015555858612,0.09625329822301865,1.2351404428482056,-0.38906556367874146,0.07162506878376007,1.1456016302108765,-0.5027236938476562,0.1307632327079773,1.4921667575836182,-0.43252646923065186,0.14193090796470642,1.388592004776001,-0.4385841488838196,0.09696352481842041,1.2740541696548462,-0.3234447240829468,0.08133482933044434,1.085180640220642,-0.3493034243583679,0.059536345303058624,1.0985922813415527,-0.4159201979637146,0.13098958134651184,1.2757277488708496,-0.3790000081062317,0.11559067666530609,1.213681936264038,-0.3835473954677582,0.13737812638282776,1.4597853422164917,-0.3632313311100006,0.09100428968667984,1.280480980873108,-0.30945366621017456,0.07142283022403717,1.1999907493591309,-0.292721688747406,0.09435666352510452,1.1961660385131836,-0.2778779864311218,0.0813472792506218,1.1321773529052734,-0.27489009499549866,0.06736090779304504,1.236732006072998,-0.2510732412338257,0.08865852653980255,1.1389970779418945,-0.35214877128601074,0.13032348453998566,1.3718191385269165,-0.3093456029891968,0.08977963030338287,1.3391191959381104,-0.20943978428840637,0.07225611060857773,1.1346702575683594,-0.19127586483955383,0.07124939560890198,1.1610864400863647,-0.22593636810779572,0.09441577643156052,1.43694007396698,-0.2151058316230774,0.05766001716256142,1.2792996168136597,0.2617281377315521,-0.02793709933757782,1.1671297550201416,0.17766237258911133,0.017152700573205948,1.4472836256027222,0.32003018260002136,-0.005410457961261272,1.2095615863800049,0.31289997696876526,-0.03070799633860588,1.204337477684021,0.32017338275909424,-0.011131225153803825,1.1390610933303833,0.3447393774986267,-0.010760101489722729,1.3259761333465576,0.3536173105239868,-0.04832238703966141,1.248416543006897,0.4202701449394226,-0.03968851640820503,1.0915873050689697,0.3685540556907654,-0.0050223637372255325,1.4822287559509277,0.4267602562904358,-0.0742209255695343,1.2142493724822998,0.4656762480735779,-0.041319891810417175,1.4283276796340942,0.5733983516693115,-0.1399797648191452,0.892198920249939,0.5947824120521545,-0.13796472549438477,0.8736664652824402,0.606667160987854,-0.1551477313041687,0.7595893740653992,0.617466151714325,-0.16166740655899048,0.680202841758728,0.6042527556419373,-0.17795757949352264,0.6956421732902527,0.5561894774436951,-0.09157520532608032,1.1735646724700928,0.6250406503677368,-0.14299222826957703,0.7609629034996033,0.6326992511749268,-0.15239186584949493,0.6865614056587219,0.5606129169464111,-0.1874769926071167,0.9544626474380493,0.5512259602546692,-0.19526953995227814,1.0028040409088135,0.5411709547042847,-0.21474160254001617,0.9751582741737366,0.5735328197479248,-0.20323024690151215,0.9030992388725281,0.651842474937439,-0.14711493253707886,0.7882134914398193,0.6609243154525757,-0.1619265377521515,0.7036367058753967,0.6200013756752014,-0.14764702320098877,0.9634032845497131,0.5792185664176941,-0.1918642222881317,0.9477207660675049,0.6095770597457886,-0.21345360577106476,0.8922331929206848,0.5727230906486511,-0.21118441224098206,0.9572576284408569,0.5904905796051025,-0.24328355491161346,0.885979413986206,0.5804908871650696,-0.1727103292942047,1.0225824117660522,0.6250899434089661,-0.18984903395175934,0.9701343774795532,0.6492002606391907,-0.2334529012441635,0.7301486730575562,0.6348312497138977,-0.2652844786643982,0.669940173625946,0.683360755443573,-0.19475524127483368,0.6726683974266052,0.6257645487785339,-0.13862644135951996,1.041966199874878,0.6523631811141968,-0.17366094887256622,0.8258851766586304,0.6297250986099243,-0.2474566400051117,0.8006227016448975,0.6518089771270752,-0.23848967254161835,0.7898432016372681,0.6844675540924072,-0.23266752064228058,0.7043995261192322,0.6834034323692322,-0.16384607553482056,0.9750169515609741,0.7042515873908997,-0.16222217679023743,0.9442015290260315,0.7159003615379333,-0.21077628433704376,0.7675261497497559,0.7069276571273804,-0.21454665064811707,0.7881612777709961,0.6180406212806702,-0.11734077334403992,1.145149827003479,0.7126195430755615,-0.1180952936410904,1.0955897569656372,0.673204779624939,-0.13599251210689545,1.0936559438705444,0.657150387763977,-0.0931023508310318,1.2889900207519531,0.657945990562439,-0.1004350483417511,1.2414995431900024,0.6557916402816772,-0.09653869271278381,1.237648844718933,0.6569082736968994,-0.11680158972740173,1.2218266725540161,0.6945075988769531,-0.1154087707400322,1.1552598476409912,0.6829119324684143,-0.12261595577001572,1.1768341064453125,-0.47397381067276,0.09677533805370331,0.8713382482528687,-0.47556692361831665,0.07435806095600128,0.8880103826522827,-0.4670642018318176,0.051047973334789276,0.8589226007461548,-0.2604221701622009,-0.054086487740278244,0.5897374749183655,-0.2560131549835205,-0.10127083957195282,0.5542764663696289,-0.32527410984039307,-0.03490544855594635,0.7793006300926208,-0.3281061053276062,-0.04871490225195885,0.7235348224639893,-0.33858728408813477,-0.07428177446126938,0.7653849124908447,-0.312309205532074,-0.08188748359680176,0.6528722643852234,-0.27829065918922424,-0.06406214833259583,0.6661475300788879,-0.2660849094390869,-0.097876638174057,0.6345042586326599,-0.3797949552536011,0.005813904106616974,0.9165967702865601,-0.3572738766670227,-0.027926795184612274,0.8733112812042236,-0.3693688213825226,-0.008261308073997498,0.870763897895813,-0.2960081100463867,-0.0843573808670044,0.7048854827880859,-0.28842976689338684,-0.0592045821249485,0.7039241790771484,-0.3301844596862793,-0.05883808061480522,0.8017147779464722,-0.3127877414226532,-0.04426637291908264,0.7518199682235718,-0.4129132628440857,0.0951089859008789,1.0561037063598633,-0.3108171224594116,0.047696370631456375,0.9081204533576965,-0.28362053632736206,0.03613170236349106,0.9513012170791626,-0.277870774269104,0.057525500655174255,0.9484596252441406,-0.3748776316642761,0.05482185259461403,1.096423625946045,-0.3114124536514282,0.05922329053282738,1.040116548538208,-0.28717130422592163,0.0625242292881012,0.9831804633140564,-0.28326648473739624,0.042263682931661606,0.9750415682792664,-0.3531905710697174,0.09335199743509293,1.3393852710723877,-0.2850882112979889,0.08065685629844666,1.0725396871566772,-0.2779722809791565,0.05357912927865982,1.1196225881576538,-0.25557199120521545,0.081020787358284,1.0771124362945557,-0.2130085825920105,0.05792699754238129,1.1268975734710693,-0.22504276037216187,0.07478176802396774,1.093380331993103,-0.18293972313404083,0.062082573771476746,1.1897962093353271,0.48118680715560913,-0.06446715444326401,1.0910604000091553,0.4305584728717804,-0.028276562690734863,1.5960071086883545,0.5535379648208618,-0.10179949551820755,1.0578129291534424,0.5073301792144775,-0.07039497047662735,1.0346760749816895,0.5219762921333313,-0.11152882874011993,1.032874345779419,0.5356825590133667,-0.09546807408332825,1.0246644020080566,0.5023148655891418,-0.06804673373699188,1.2351346015930176,0.5292727947235107,-0.14653879404067993,1.0615745782852173,0.5474404692649841,-0.16269566118717194,1.0060404539108276,0.5297445058822632,-0.1827881783246994,1.0292470455169678,0.5354278087615967,-0.18613702058792114,0.9982678294181824,0.5573379993438721,-0.1767813265323639,0.9428505301475525,0.6065640449523926,-0.1985158771276474,0.7379156351089478,0.6210765242576599,-0.2041456401348114,0.6853569746017456,0.6488942503929138,-0.195275217294693,0.674939751625061,0.5795016288757324,-0.13295206427574158,1.0392560958862305,0.5943552851676941,-0.13741108775138855,1.000234842300415,0.5743275284767151,-0.1937166303396225,0.9780232906341553,0.5703269839286804,-0.2004120647907257,0.9368207454681396,0.5573299527168274,-0.23133771121501923,0.9073116183280945,0.5228291749954224,-0.09408384561538696,1.3516886234283447,0.6433459520339966,-0.1628664880990982,0.971098780632019,0.6722054481506348,-0.17688500881195068,0.9255468845367432,0.6247733235359192,-0.15348757803440094,1.1004892587661743,0.7064775824546814,-0.2461235076189041,0.7511433959007263,0.7118635177612305,-0.20654579997062683,0.7134898900985718,0.6660725474357605,-0.18868869543075562,0.9568384885787964,0.6730147004127502,-0.20622894167900085,0.9046211838722229,0.7392967343330383,-0.15032893419265747,1.0879793167114258,0.6949290633201599,-0.1856127679347992,1.0501151084899902,0.7174170613288879,-0.1660958081483841,1.042193055152893,0.7371971607208252,-0.20650480687618256,0.9102814197540283,0.7362131476402283,-0.1834956556558609,0.9165659546852112,-0.5144236087799072,0.13339367508888245,1.0343846082687378,-0.2755574882030487,-0.0450088307261467,0.5297430157661438,-0.38878077268600464,0.001617584377527237,0.8526915311813354,-0.36858007311820984,-0.021811917424201965,0.8260760307312012,-0.4099653363227844,0.03497419133782387,0.893608808517456,-0.5224027633666992,0.1402055323123932,1.350947618484497,-0.3900226950645447,0.07010581344366074,0.9275957345962524,-0.3752923011779785,0.04705241695046425,0.8989781141281128,-0.22177036106586456,-0.06001492589712143,0.5719682574272156,-0.20530885457992554,-0.03350163623690605,0.5695582032203674,-0.3423359990119934,-0.007319435477256775,0.8736518621444702,-0.32800424098968506,-0.031322821974754333,0.8232848644256592,-0.3388635516166687,-0.025655660778284073,0.8670863509178162,-0.5020430684089661,0.11752912402153015,1.3052165508270264,-0.4531704783439636,0.12599170207977295,1.1982967853546143,-0.2348814308643341,0.09175711870193481,1.1977702379226685,0.16335316002368927,0.007235953584313393,1.2523119449615479,0.1497911512851715,-0.0072640664875507355,1.2612558603286743,0.2634936571121216,-0.031329259276390076,1.209939956665039,0.2715909481048584,-0.01715776138007641,1.1342272758483887,0.3366127014160156,-0.016625992953777313,1.2571167945861816,0.4060925245285034,-0.04384545236825943,1.140048623085022,0.3992656469345093,-0.05917590856552124,1.1245348453521729,0.45146143436431885,-0.07272042334079742,1.2839009761810303,0.4667125344276428,-0.08285992592573166,1.3668245077133179,0.49901577830314636,-0.10166783630847931,1.180345892906189,0.5544124245643616,-0.22057625651359558,0.9099245071411133,0.5895876884460449,-0.21189016103744507,0.8598939776420593,0.5832616090774536,-0.24616314470767975,0.818123996257782,0.6043169498443604,-0.2256913185119629,0.7614570260047913,0.5817461013793945,-0.1484697163105011,1.1044615507125854,0.6418431997299194,-0.27224618196487427,0.6935346722602844,-0.4603497087955475,0.06006477028131485,0.8816638588905334,-0.2574877440929413,-0.01817849837243557,0.7270956039428711,-0.23255401849746704,-0.0315031073987484,0.6715333461761475,-0.533693253993988,0.14724820852279663,1.459127426147461,-0.2781737446784973,0.07300789654254913,1.0602408647537231,-0.2635541260242462,0.07018081843852997,1.0299447774887085,-0.2513197064399719,0.06191718205809593,1.0644984245300293,-0.20722559094429016,0.07039006799459457,1.103851556777954,-0.15352749824523926,0.051817893981933594,1.2607011795043945,-0.1626501977443695,0.03471504896879196,1.2633082866668701,0.38381144404411316,-0.04848117381334305,1.4143775701522827,0.4063502550125122,-0.05505479872226715,1.4683135747909546,0.5783371329307556,-0.11943859606981277,1.0690066814422607,0.5781958699226379,-0.11808989942073822,0.9915238618850708,0.5266832113265991,-0.12338407337665558,1.1784920692443848,0.5712904334068298,-0.1843210905790329,0.8845967650413513,0.5945481061935425,-0.13646738231182098,1.1500648260116577,0.5797324180603027,-0.11673632264137268,1.2365567684173584,0.6711629033088684,-0.1611970067024231,1.0725328922271729,0.6713937520980835,-0.17806819081306458,1.0079288482666016,0.6911157965660095,-0.22445832192897797,0.8404563069343567,0.6512496471405029,-0.2440294772386551,0.7524353861808777,0.7097808122634888,-0.20540423691272736,0.8307042121887207,-0.2735491991043091,-0.06447155028581619,0.5599071979522705,-0.23035550117492676,-0.041041020303964615,0.5568503141403198,-0.3300744891166687,-0.04029993712902069,0.7739173769950867,-0.27063482999801636,-0.06523334234952927,0.6217865943908691,-0.22853122651576996,-0.06441337615251541,0.6163009405136108,-0.33109185099601746,0.029028717428445816,0.9313699007034302,-0.2555650472640991,0.0662233829498291,1.209955096244812,-0.24281781911849976,0.06348539888858795,1.153686285018921,-0.24238097667694092,0.07535875588655472,1.127206563949585,-0.21919995546340942,0.05472792685031891,1.2037546634674072,-0.19416528940200806,0.04144112020730972,1.1373505592346191,-0.1889808177947998,0.055955834686756134,1.1252405643463135,0.2762123942375183,-0.0028884895145893097,1.1395378112792969,0.5101855397224426,-0.12158715724945068,1.1029871702194214,0.5430055856704712,-0.1534227430820465,1.103656530380249,0.5557693243026733,-0.16927658021450043,1.0592575073242188,0.6598406434059143,-0.2191881388425827,0.8895626068115234,-0.336148202419281,-0.020339833572506905,0.6243190765380859,-0.32693952322006226,-0.05007101595401764,0.594964325428009,-0.32057344913482666,-0.03813967853784561,0.5903761386871338,-0.3590492010116577,0.03984152153134346,0.8158331513404846,-0.31061702966690063,-0.0231168195605278,0.7919474840164185,-0.3231695294380188,-0.022333960980176926,0.8443872332572937,-0.1835400015115738,0.048689186573028564,1.2237515449523926,-0.15007257461547852,0.04198922961950302,1.3336354494094849,-0.13711412250995636,0.047191694378852844,1.3224855661392212,0.15046308934688568,-0.016291838139295578,1.2742799520492554,0.19804692268371582,0.017877422273159027,1.6679461002349854,0.36840659379959106,0.007297500967979431,1.6133877038955688,0.3906265199184418,-0.011917833238840103,1.6327892541885376,0.44754403829574585,-0.029437396675348282,1.5641167163848877,0.6126343011856079,-0.08406419306993484,1.3118958473205566,0.6383494138717651,-0.08672011643648148,1.3486992120742798,0.6401947736740112,-0.07061781734228134,1.284865140914917,0.6440251469612122,-0.09687365591526031,1.2704877853393555,0.6691490411758423,-0.08191744983196259,1.2857025861740112,-0.5071846842765808,0.11658377945423126,0.9677010178565979,-0.49291184544563293,0.12645500898361206,0.9470970630645752,-0.5607193112373352,0.17081540822982788,1.2134861946105957,-0.5380491018295288,0.1705300211906433,1.2030398845672607,-0.27116066217422485,-0.009576212614774704,0.5756779313087463,-0.253133624792099,-0.026153787970542908,0.5328689217567444,-0.30229151248931885,-0.06082257628440857,0.6604218482971191,-0.3337954878807068,0.025647703558206558,0.7672222852706909,-0.3988053798675537,0.0830213874578476,0.9791368246078491,-0.5254034996032715,0.15086089074611664,1.510118842124939,0.26992669701576233,-0.004675779491662979,1.2050321102142334,0.2853892147541046,0.007336067035794258,1.437334418296814,0.42578843235969543,-0.04975337162613869,1.1588622331619263,0.4047476053237915,-0.02263450250029564,1.2848197221755981,0.4697694182395935,-0.0729973167181015,1.0924761295318604,0.48923835158348083,-0.08717433363199234,1.0429573059082031,0.4721267819404602,-0.10358601808547974,1.1255595684051514,0.5863173007965088,-0.15797410905361176,0.8397725820541382,0.594362199306488,-0.17761075496673584,0.8279461860656738,0.5953267216682434,-0.2201874554157257,0.900394082069397,0.6549971699714661,-0.1443452388048172,1.069655418395996,0.6961126327514648,-0.1693570464849472,0.847759485244751,-0.2934599816799164,-0.050058841705322266,0.5645593404769897,-0.246902734041214,-0.05231112241744995,0.5259395837783813,-0.2527918219566345,0.08158202469348907,1.0326405763626099,-0.2176828384399414,0.08303404599428177,1.1235108375549316,-0.19116458296775818,0.05211605876684189,1.1780182123184204,0.6665732264518738,-0.1660640686750412,0.8816153407096863,0.7004798054695129,-0.2198871672153473,0.6470110416412354,0.7079193592071533,-0.22315488755702972,0.663015604019165,-0.35368794202804565,-0.02669069916009903,0.8091688752174377,-0.27956217527389526,-0.021334592252969742,0.7424737215042114,-0.26481133699417114,-0.045227695256471634,0.6983197927474976,0.48722043633461,-0.05050933361053467,1.4854570627212524,0.7152244448661804,-0.20128348469734192,0.6545897126197815,0.7104519605636597,-0.19144295156002045,0.972509503364563,-0.2541782259941101,0.09879288822412491,1.273594856262207,0.6850391626358032,-0.15567812323570251,1.0638847351074219,-0.2914732098579407,0.002817787230014801,0.8160781860351562,0.6124861240386963,-0.25286445021629333,0.7082633972167969,0.6751766800880432,-0.15818507969379425,1.04900324344635,-0.34730178117752075,-0.05084463581442833,0.7724578380584717,-0.3683638572692871,-0.1430240273475647,0.9719249606132507,-0.3727300763130188,-0.13932040333747864,0.9837731122970581,-0.35661473870277405,-0.16096600890159607,0.9820843935012817,-0.3636418282985687,-0.1596238762140274,0.9933029413223267,-0.34316927194595337,-0.10988359898328781,1.0405867099761963,-0.34834596514701843,-0.1259371042251587,1.0197052955627441,-0.33914464712142944,-0.1123879998922348,0.9907098412513733,-0.3374350965023041,-0.08617649972438812,1.0237395763397217,-0.33670273423194885,-0.14046083390712738,1.0280203819274902,-0.3395533561706543,-0.17026498913764954,1.0172538757324219,-0.3239946663379669,-0.07317986339330673,1.1029534339904785,-0.31845372915267944,-0.167530357837677,1.0187509059906006,-0.3338892161846161,-0.13283592462539673,1.01628839969635,-0.3181808292865753,-0.14930646121501923,1.057645559310913,-0.3205767869949341,-0.12434882670640945,1.046654224395752,-0.31400004029273987,-0.060862693935632706,1.072128176689148,-0.3140726387500763,-0.11519161611795425,1.0470075607299805,-0.31497442722320557,-0.12211912870407104,1.070751667022705,-0.3205920159816742,-0.09914740920066833,1.0988458395004272,-0.3373475670814514,-0.05687115341424942,1.1340467929840088,-0.32619011402130127,-0.10855477303266525,1.1308866739273071,-0.30320054292678833,-0.006760989315807819,1.1606643199920654,-0.31202131509780884,-0.016021795570850372,1.1154534816741943,-0.3270610272884369,-0.05833081901073456,1.1682685613632202,-0.2781433165073395,-0.014742795377969742,1.1049115657806396,-0.28134748339653015,-0.0412590391933918,1.2205584049224854,-0.2936200201511383,-0.10243480652570724,1.1788479089736938,-0.278721421957016,0.0056203268468379974,1.1475520133972168,-0.24598705768585205,-0.001081397756934166,1.1591155529022217,-0.25122004747390747,0.007355978712439537,1.2161896228790283,-0.22739095985889435,0.007675211876630783,1.215956449508667,-0.22116518020629883,-0.045043714344501495,1.2894625663757324,-0.258256733417511,-0.07603122293949127,1.22566556930542,-0.21791546046733856,0.014442063868045807,1.2608280181884766,-0.24351495504379272,-0.014893490821123123,1.269362449645996,-0.20552270114421844,0.012379247695207596,1.2995574474334717,-0.1903826892375946,0.009689223021268845,1.334690809249878,-0.18306875228881836,-0.038834117352962494,1.3446346521377563,-0.210798442363739,-0.0839923769235611,1.247495174407959,-0.1914372444152832,0.06054554134607315,1.7377227544784546,-0.13842301070690155,0.11002923548221588,1.4023693799972534,-0.13084396719932556,0.06656496971845627,0.8741872310638428,-0.17760178446769714,0.01724952645599842,0.8818626999855042,-0.15440332889556885,-0.075439453125,0.8865534067153931,-0.19761227071285248,-0.10349881649017334,0.8776232004165649,-0.1750737875699997,0.07106302678585052,1.6435192823410034,-0.1979411095380783,0.04673677310347557,1.7602076530456543,-0.1664271354675293,0.053692854940891266,1.7090262174606323,-0.14817798137664795,0.08306244015693665,1.6584997177124023,-0.15760381519794464,0.06511804461479187,1.6083372831344604,-0.11565618962049484,0.00047399289906024933,1.043187141418457,-0.15306273102760315,-0.05095857009291649,1.0074408054351807,-0.15953169763088226,-0.12010088562965393,0.9955297112464905,-0.1530509889125824,0.045164115726947784,1.5383763313293457,-0.28944066166877747,-0.06899592280387878,0.06891278177499771,-0.30470991134643555,-0.12899523973464966,0.03303288668394089,-0.3074222505092621,-0.15453949570655823,0.04952007904648781,-0.15380141139030457,-0.02431512624025345,1.3932956457138062,-0.14573919773101807,0.017131980508565903,1.3383026123046875,-0.1386387050151825,-0.009176943451166153,1.3197792768478394,-0.16172856092453003,-0.03682177513837814,1.3814762830734253,-0.14466731250286102,-0.07990305125713348,1.3385355472564697,-0.22921571135520935,-0.035109080374240875,0.4865367114543915,-0.23053781688213348,-0.06282424181699753,0.40278390049934387,-0.24222296476364136,-0.011558722704648972,0.3389008939266205,-0.2469770461320877,-0.036619216203689575,0.3695359230041504,-0.16120293736457825,0.06210140511393547,1.6776976585388184,-0.14031511545181274,-0.05052557960152626,1.2890522480010986,-0.1424216479063034,-0.061268679797649384,1.2460352182388306,-0.14445163309574127,-0.08780404925346375,1.2776559591293335,-0.169379323720932,-0.102657750248909,1.2789905071258545,-0.23784072697162628,-0.0006312261102721095,0.26682278513908386,-0.15422827005386353,-0.021554362028837204,1.5357075929641724,-0.14286185801029205,0.04999595507979393,1.5393418073654175,-0.14981120824813843,0.02142634242773056,1.532643437385559,-0.19678561389446259,-0.06979269534349442,0.5847992897033691,-0.1119358092546463,0.045279234647750854,1.7735137939453125,-0.12851934134960175,-0.10832346975803375,1.21533203125,-0.11747275292873383,-0.03397899121046066,1.1609927415847778,-0.13794924318790436,-0.12521737813949585,0.75536048412323,-0.11647161096334457,0.09690548479557037,1.7196786403656006,-0.13299623131752014,-0.057160865515470505,1.407538652420044,-0.10541921854019165,-0.11786288022994995,0.8580536842346191,-0.14072571694850922,-0.13106274604797363,0.8799870610237122,-0.12396612763404846,-0.20015832781791687,0.9195053577423096,-0.10772751271724701,-0.2154310643672943,0.8551430702209473,-0.2812604010105133,-0.19260485470294952,0.06827639788389206,-0.076762855052948,0.11933471262454987,1.7184085845947266,-0.10508998483419418,0.05619220435619354,1.759039282798767,-0.15366558730602264,0.0014370791614055634,1.4456453323364258,-0.13539783656597137,-0.024875342845916748,1.4940264225006104,-0.20439094305038452,0.012193107046186924,0.33512935042381287,-0.2335895448923111,-0.012593253515660763,0.21832844614982605,-0.2707200050354004,-0.19055841863155365,0.1107780858874321,-0.2397317886352539,-0.00749884732067585,0.07596401125192642,-0.11370080709457397,-0.006469663232564926,1.322994351387024,-0.1775778979063034,-0.09720278531312943,0.5578524470329285,-0.23638878762722015,-0.15033647418022156,0.012257262133061886,-0.27865612506866455,-0.15160027146339417,0.00647441390901804,-0.1071571335196495,0.043590765446424484,1.5555280447006226,-0.10892990976572037,0.013082891702651978,1.5125106573104858,-0.03198183327913284,-0.2176886796951294,0.910855233669281,-0.08007901906967163,0.08930043131113052,0.86866694688797,-0.23328961431980133,-0.11578754335641861,0.2778368294239044,-0.21010378003120422,-0.11339624226093292,0.2018008679151535,-0.21861347556114197,-0.01716388761997223,0.1191437765955925,-0.09773753583431244,-0.004599295556545258,1.2886440753936768,-0.10489629954099655,-0.025312159210443497,1.2473064661026,-0.07639875262975693,-0.1254531890153885,1.3212933540344238,-0.14332017302513123,-0.02927185781300068,0.6770987510681152,-0.12021169811487198,-0.12717367708683014,0.7452060580253601,-0.07605954259634018,-0.11723224818706512,0.8174970746040344,-0.20193496346473694,-0.121244877576828,0.1684005856513977,-0.22534939646720886,-0.18424125015735626,0.07800344377756119,-0.12845931947231293,-0.07618491351604462,1.4882299900054932,-0.09780056774616241,0.005693633109331131,1.358604073524475,-0.06712104380130768,-0.00030525028705596924,1.2929599285125732,-0.1468421071767807,-0.1002119854092598,0.5798267126083374,-0.12267779558897018,-0.0804959088563919,0.5804250240325928,-0.16405066847801208,0.015823569148778915,0.5213229060173035,-0.09850452840328217,-0.06437381356954575,1.4591120481491089,-0.07448464632034302,-0.022788874804973602,1.4398645162582397,-0.10437099635601044,0.017462793737649918,1.3986117839813232,-0.13453520834445953,-0.020990731194615364,0.5262619853019714,-0.06266549229621887,0.07094014436006546,1.7618004083633423,-0.12005634605884552,-0.11659660190343857,1.6244783401489258,-0.03569187596440315,-0.18860796093940735,0.9947011470794678,-0.07779110968112946,-0.03386392444372177,1.454118251800537,-0.05637401342391968,-0.06275410950183868,1.4393469095230103,-0.07684879004955292,-0.0471595861017704,1.433356523513794,-0.06679324060678482,-0.11454437673091888,1.5554821491241455,-0.10705554485321045,-0.1085953637957573,1.5015003681182861,-0.05366206169128418,-0.0028477683663368225,1.4640246629714966,-0.10610084235668182,-0.04517270624637604,0.6465007066726685,-0.01920614391565323,0.024391181766986847,1.7853516340255737,-0.034853193908929825,0.127401202917099,1.6880342960357666,-0.05470658466219902,-0.13125622272491455,1.5066596269607544,-0.069173663854599,-0.10931332409381866,1.4597866535186768,-0.03685813397169113,-0.011669643223285675,1.43919837474823,-0.043147336691617966,-0.11063447594642639,1.45964777469635,-0.006546478718519211,0.00852121040225029,1.4146264791488647,-0.02831498347222805,-0.013122707605361938,1.2871028184890747,-0.014798842370510101,0.0795249417424202,1.7600330114364624,-0.015254506841301918,-0.014558941125869751,1.4686458110809326,-0.01985328644514084,-0.05803713947534561,1.4548693895339966,0.013673510402441025,0.0957973450422287,1.7186219692230225,-0.004658907651901245,0.03600204735994339,1.7661769390106201,-0.014672424644231796,-0.049527257680892944,1.4408576488494873,0.014508308842778206,-0.07963430881500244,1.4800535440444946,-0.009519841521978378,-0.02854364737868309,1.4473726749420166,0.07849924266338348,-0.09139522165060043,0.6014963388442993,0.015290837734937668,0.012859612703323364,1.4979324340820312,0.11362366378307343,-0.1105007529258728,0.5188634991645813,0.002988770604133606,-0.1641293168067932,1.278136968612671,0.04895203188061714,-0.04058273136615753,1.2678191661834717,0.05133271589875221,-0.06875807046890259,1.1539924144744873,0.14928379654884338,-0.11565826833248138,0.08360050618648529,0.166122168302536,-0.10678339004516602,0.0659576877951622,0.13686200976371765,0.009680718183517456,0.09420979022979736,0.018065959215164185,-0.14736521244049072,1.263598084449768,0.006643990054726601,-0.18793463706970215,1.1883385181427002,0.0735224112868309,-0.14140787720680237,0.7426701784133911,0.13185207545757294,-0.039594829082489014,0.06696044653654099,0.04539729282259941,0.027017131447792053,1.726147174835205,0.004197191447019577,-0.12383799254894257,1.633199691772461,-0.0028416141867637634,-0.10778326541185379,1.5465184450149536,0.0015786290168762207,-0.10967671871185303,1.501363754272461,0.09986351430416107,-0.16041281819343567,0.8865172266960144,0.0936979427933693,0.019091881811618805,1.753664493560791,0.021600771695375443,0.010572623461484909,1.553101897239685,0.020461484789848328,-0.007135961204767227,1.5235528945922852,0.1375444531440735,-0.01760672777891159,0.3406711518764496,0.12983179092407227,-0.006027001887559891,0.2796502411365509,0.14881911873817444,0.02060571312904358,0.07717257738113403,0.03828594088554382,0.01172364130616188,1.8119313716888428,0.0557607039809227,-0.009787481278181076,1.4204908609390259,0.10044177621603012,-0.2192644476890564,0.8736797571182251,0.09116058796644211,-0.1316184401512146,0.8739742040634155,0.13067661225795746,-0.19489498436450958,0.8751522302627563,0.09887153655290604,-0.041687242686748505,0.7624198794364929,0.19343015551567078,-0.10594326257705688,0.07758219540119171,0.05324137210845947,0.015232279896736145,1.7372632026672363,0.03989619389176369,-0.15787273645401,1.1550065279006958,0.04672250896692276,-0.13356785476207733,1.2822160720825195,0.04897892475128174,-0.14969173073768616,1.2795021533966064,0.12676244974136353,-0.18923762440681458,0.9432603120803833,0.04298841953277588,-0.06250350177288055,1.5677330493927002,0.05116185545921326,0.011499885469675064,1.5625228881835938,0.046339698135852814,-0.013993117958307266,1.5514060258865356,0.053541239351034164,-0.030239708721637726,1.5461331605911255,0.06411360204219818,-0.04216311126947403,1.5226976871490479,0.13898374140262604,-0.0660150945186615,0.6609997153282166,0.13691137731075287,-0.13226920366287231,0.6805241703987122,0.07205703854560852,-0.0464634895324707,1.39993417263031,0.07537412643432617,0.002794608473777771,1.3400654792785645,0.04095523804426193,-0.0012567117810249329,1.3555166721343994,0.05163757875561714,-0.022634226828813553,1.33195161819458,0.12696264684200287,-0.11897734552621841,0.8426327109336853,0.19305382668972015,0.004464924335479736,0.0804329663515091,0.20760421454906464,-0.020056597888469696,0.07390159368515015,0.06536662578582764,0.006247129291296005,1.690507411956787,0.08125695586204529,-0.024134952574968338,1.3936163187026978,0.20087435841560364,-0.06201030686497688,0.32530567049980164,0.08824971318244934,0.024115104228258133,1.6644387245178223,0.06585165113210678,0.05101964250206947,1.6681033372879028,0.07447092235088348,0.020467396825551987,1.6326279640197754,0.20955459773540497,-0.030933231115341187,0.14999569952487946,0.2170783430337906,-0.07615723460912704,0.07775406539440155,0.20375269651412964,-0.10700269788503647,0.10411786288022995,0.15373730659484863,-0.014212035574018955,0.9834469556808472,0.15282347798347473,-0.015347564592957497,0.8838895559310913,0.09145820140838623,-0.0014420300722122192,1.7517822980880737,0.17036160826683044,0.038119520992040634,0.8914189338684082,0.18187955021858215,0.0015532970428466797,0.9548593163490295,0.10159231722354889,-0.006238780915737152,1.3342760801315308,0.11640319228172302,-0.026505183428525925,1.320481777191162,0.0838865339756012,-0.04964125156402588,1.3664125204086304,0.11488715559244156,-0.012653708457946777,1.2798290252685547,0.10486115515232086,-0.017248310148715973,1.259320855140686,0.12596532702445984,-0.09257940948009491,1.2419620752334595,0.13676029443740845,-0.047186750918626785,1.2801542282104492,0.1574409306049347,-0.02015237882733345,1.2152906656265259,0.17573343217372894,-0.025285515934228897,1.1385213136672974,0.20154252648353577,-0.03987511247396469,1.1556886434555054,0.1852710098028183,-0.05719144269824028,1.2036138772964478,0.16043739020824432,-0.09568376839160919,1.2233482599258423,0.2076401263475418,-0.05732659995555878,1.1032607555389404,0.2237204909324646,-0.1270526945590973,1.154781460762024,0.23446007072925568,-0.10243088752031326,1.1355721950531006,0.22616346180438995,-0.07637736201286316,1.1073664426803589,0.18578869104385376,-0.16320204734802246,1.1363905668258667,0.2077859491109848,-0.1317305564880371,1.103433609008789,0.20968791842460632,-0.11073382198810577,1.0912014245986938,0.24925608932971954,-0.18891339004039764,0.9872448444366455,0.18821941316127777,-0.14922122657299042,1.1030486822128296,0.18741953372955322,-0.16513052582740784,1.0749341249465942,0.2279055267572403,-0.14531591534614563,1.02083420753479,0.19329965114593506,-0.15490508079528809,1.0498442649841309,0.18828383088111877,-0.18245339393615723,1.0526063442230225,0.21265117824077606,-0.17647582292556763,1.0212610960006714,0.23383131623268127,-0.1830802857875824,1.0152136087417603,0.18680977821350098,-0.20696206390857697,1.0242725610733032,0.2121613621711731,-0.1964784562587738,1.0148487091064453,0.19850249588489532,-0.19993305206298828,1.0238747596740723,0.24174869060516357,-0.1957961916923523,0.9670189619064331,0.207008495926857,-0.21432191133499146,1.0114355087280273,0.2253517359495163,-0.1803986132144928,0.9813492894172668,0.22632566094398499,-0.21394941210746765,0.9798864722251892,0.2440316081047058,-0.20725244283676147,0.9829502105712891,-0.31763312220573425,-0.050636518746614456,1.0961661338806152,-0.3042431175708771,-0.10936704277992249,1.0868080854415894,-0.29279786348342896,-0.09198473393917084,1.0826265811920166,-0.3080391585826874,-0.1280648410320282,1.1230717897415161,-0.2610171139240265,-0.04753771796822548,1.0911390781402588,-0.28132715821266174,-0.12667781114578247,1.107627272605896,-0.20493952929973602,-0.010343695059418678,1.23747980594635,-0.20026345551013947,-0.06531340628862381,1.2159950733184814,-0.1731179654598236,-0.09796080738306046,0.9727442264556885,-0.17685039341449738,-0.0158171895891428,0.9532318115234375,-0.12693500518798828,0.05125049129128456,0.9374748468399048,-0.10650433599948883,0.15365952253341675,1.2598042488098145,-0.09877702593803406,0.15055184066295624,1.2011449337005615,-0.10041651129722595,0.17399683594703674,1.1704994440078735,-0.15176954865455627,-0.011412439867854118,0.9746063947677612,-0.20588377118110657,0.03941264748573303,1.7295703887939453,-0.15478043258190155,0.007452026009559631,1.3587298393249512,-0.17529906332492828,0.006829544901847839,1.2911438941955566,-0.0321868397295475,0.16547852754592896,1.0722267627716064,-0.058281946927309036,0.17062483727931976,0.9912354946136475,-0.2919727861881256,-0.08641092479228973,0.1277025043964386,-0.3083333671092987,-0.13872571289539337,0.08003551512956619,-0.18115121126174927,0.03239952772855759,1.7112207412719727,-0.16526120901107788,0.04193376377224922,1.656449794769287,-0.1547110676765442,-0.125070258975029,1.255925178527832,-0.15407387912273407,-0.1421847939491272,1.2286067008972168,-0.15806834399700165,-0.16256210207939148,1.225411057472229,-0.11039866507053375,0.11519027501344681,1.3775231838226318,-0.10192254185676575,0.10631554573774338,1.3724205493927002,-0.13494031131267548,-0.1260581612586975,1.2709299325942993,-0.14848676323890686,-0.05442476272583008,1.2110869884490967,-0.26384997367858887,-0.10389384627342224,0.19409644603729248,-0.2693363130092621,-0.058712441474199295,0.20065811276435852,-0.05604173615574837,0.1301378756761551,1.2543742656707764,-0.15965920686721802,-0.009893219918012619,1.4583392143249512,-0.15948544442653656,-0.004294551908969879,1.436784267425537,-0.1454249620437622,-0.008941970765590668,1.4188531637191772,-0.15919093787670135,-0.0025466643273830414,1.4152215719223022,-0.1579720824956894,-0.022610165178775787,1.4069386720657349,-0.1502622663974762,-0.10871568322181702,0.7999033331871033,-0.16192589700222015,-0.0705162063241005,0.7954508066177368,-0.02638254687190056,0.22538217902183533,1.0803282260894775,-0.02845894545316696,0.2231476604938507,1.131996989250183,-0.12619565427303314,-0.11896876990795135,1.267932653427124,-0.12976384162902832,-0.10868504643440247,0.8718695640563965,-0.2650161385536194,-0.02345035970211029,0.126629039645195,-0.2702796757221222,-0.023062922060489655,0.08871729671955109,-0.14031217992305756,-0.18694844841957092,0.857734739780426,-0.05633759871125221,0.19091202318668365,1.2355951070785522,-0.160110741853714,-0.08508405834436417,1.6219412088394165,-0.13171570003032684,0.02780366688966751,1.5368682146072388,-0.09979692101478577,0.11372923851013184,1.5040183067321777,-0.10041357576847076,0.07681570202112198,1.5634620189666748,-0.11962959915399551,0.0759301409125328,1.5365514755249023,-0.10524477064609528,0.09381163120269775,1.4506802558898926,-0.05386963114142418,0.13570436835289001,1.546769618988037,-0.12214747071266174,-0.009133506566286087,1.4888683557510376,-0.0850144550204277,0.04397403821349144,0.9807382822036743,-0.1392451822757721,0.03836552053689957,1.8134596347808838,-0.15075886249542236,0.031217269599437714,1.808007001876831,-0.15201565623283386,0.019962988793849945,1.7937084436416626,-0.022158918902277946,0.07624012231826782,1.4426687955856323,-0.079217329621315,0.127585306763649,1.4205543994903564,-0.20923219621181488,-0.08612212538719177,0.04996822774410248,-0.02864854410290718,0.16469284892082214,1.3659833669662476,-0.1223757341504097,-0.08606532216072083,1.5345649719238281,-0.18038710951805115,-0.06581468880176544,0.4048594534397125,-0.062180984765291214,0.07482178509235382,1.5047762393951416,-0.08594651520252228,0.03458572179079056,1.4882978200912476,-0.032574888318777084,0.139126718044281,1.4676964282989502,-0.032541193068027496,0.05198580026626587,0.8629133701324463,-0.18844255805015564,-0.0025836180429905653,0.354797899723053,0.01909511722624302,0.18511392176151276,0.9894534349441528,-0.03221995756030083,0.03752051293849945,1.0386507511138916,-0.10717950761318207,-0.1509130895137787,1.2668657302856445,-0.10053911060094833,-0.1530369520187378,1.1644278764724731,-0.17686247825622559,-0.030195780098438263,0.3331121504306793,-0.16179902851581573,-0.04524959996342659,0.27066895365715027,-0.19254837930202484,0.0041809044778347015,0.26580753922462463,-0.06952527910470963,0.057617079466581345,1.524328589439392,-0.09134985506534576,-0.10415434837341309,0.6946901679039001,-0.1167081743478775,-0.030167844146490097,0.667421817779541,0.027178900316357613,0.22836318612098694,1.1222808361053467,0.032066505402326584,0.2182493507862091,1.0360685586929321,-0.05381489172577858,-0.18531076610088348,1.1915465593338013,-0.18997788429260254,-0.07074075937271118,0.13482587039470673,0.02229233831167221,0.1675381064414978,1.030537486076355,0.01419871300458908,0.14703978598117828,1.068055510520935,-0.0002123601734638214,0.05555352568626404,1.5154470205307007,-0.08797749131917953,-0.08145076781511307,1.4011826515197754,0.024845410138368607,0.1718088537454605,1.3452582359313965,0.022955555468797684,0.06593668460845947,1.4331424236297607,-0.008700333535671234,0.04706910625100136,1.5162789821624756,0.07347555458545685,0.16119101643562317,1.0388479232788086,0.09096330404281616,0.14729665219783783,0.9960070252418518,-0.02342604286968708,-0.09929905831813812,1.3973565101623535,0.013902954757213593,0.03676333650946617,1.037116289138794,-0.02693248726427555,-0.19937902688980103,1.1195042133331299,0.08840901404619217,0.14151039719581604,1.37002694606781,0.010314425453543663,-0.012272868305444717,1.304339051246643,0.05935763195157051,0.115867018699646,1.4744292497634888,0.0255043413490057,0.06791924685239792,1.476678729057312,0.025521170347929,-0.029412226751446724,1.2147281169891357,0.04523326829075813,0.09438712894916534,0.9273892641067505,-0.007048256695270538,-0.011624474078416824,1.7497714757919312,0.1310952603816986,-0.08892828971147537,0.09574809670448303,0.1215512603521347,-0.09517452865839005,0.0719362199306488,0.12382592260837555,-0.03579053282737732,0.10849784314632416,-0.04194114729762077,-0.13022205233573914,1.6257232427597046,0.06896091997623444,-0.06247024983167648,0.7264959812164307,0.08259318023920059,0.055679239332675934,1.4455151557922363,0.026683473959565163,-0.04503396898508072,1.4904284477233887,0.06460166722536087,-0.03074144572019577,1.437270164489746,0.02265295200049877,0.002356685698032379,1.4124218225479126,0.1169215738773346,-0.03125658258795738,0.40815722942352295,0.14025114476680756,-0.11207327991724014,0.24977293610572815,0.13480538129806519,-0.024227147921919823,0.21563701331615448,0.139430433511734,0.14838317036628723,1.048593521118164,0.13334707915782928,0.17621880769729614,1.0145918130874634,0.10701701045036316,-0.1460416316986084,0.7542316913604736,0.11183657497167587,-0.052664030343294144,0.6698113083839417,-0.0074889399111270905,-0.059860967099666595,1.736534833908081,0.03250281512737274,-0.0710509642958641,1.6925159692764282,0.12899746000766754,-0.13000932335853577,0.5626842975616455,0.012343227863311768,-0.00577082484960556,1.763144850730896,0.03530207276344299,-0.023265276104211807,1.713294267654419,0.06277886033058167,-0.09694413840770721,1.150048017501831,0.06740943342447281,-0.08459186553955078,1.1231149435043335,0.058524906635284424,-0.15770819783210754,1.106371283531189,0.017784083262085915,-0.11123843491077423,1.625010371208191,0.03946460038423538,-0.043339937925338745,1.519302248954773,0.028210286051034927,-0.08232220262289047,1.5188897848129272,0.17711398005485535,0.1259450763463974,1.0090970993041992,0.0642814189195633,-0.08752600848674774,1.306450366973877,0.07543446123600006,-0.15266971290111542,1.2682163715362549,0.07169119268655777,-0.0996365025639534,1.2526605129241943,0.1789371371269226,-0.008535217493772507,0.16722261905670166,0.19145110249519348,-0.08849367499351501,0.18601147830486298,0.20614643394947052,-0.07638318836688995,0.1710129678249359,0.054117150604724884,0.00023648887872695923,1.736153483390808,0.07399138808250427,-0.09660729765892029,1.307206153869629,0.19018861651420593,-0.03664298728108406,0.4478636085987091,0.16919879615306854,-0.09243820607662201,0.49993249773979187,0.19910290837287903,-0.049415700137615204,0.39191779494285583,0.07814351469278336,-0.04665591940283775,1.43099045753479,0.0650138109922409,-0.042002346366643906,1.4275025129318237,0.08439531922340393,-0.03273019939661026,1.3852183818817139,0.1192561537027359,0.06467881053686142,0.937484622001648,0.13198812305927277,-0.11669722199440002,0.8765703439712524,0.20708048343658447,-0.030056685209274292,0.2660296857357025,0.22196725010871887,-0.06113037094473839,0.2729204595088959,0.08883321285247803,-0.011978290975093842,1.379592776298523,0.158628910779953,0.08002170920372009,1.2872262001037598,0.1688593626022339,0.10542666912078857,1.262851595878601,0.08533252030611038,-0.22640842199325562,1.1661115884780884,0.1491868942975998,-0.0653286725282669,1.009063959121704,0.15152156352996826,-0.12303704023361206,1.0041745901107788,0.11906974762678146,-0.007328331470489502,1.203857660293579,0.14278359711170197,-0.11631215363740921,1.099936604499817,0.1619253158569336,-0.07936051487922668,1.082423448562622,0.14563851058483124,-0.14874450862407684,1.1651158332824707,-0.30028581619262695,-0.06632103770971298,1.0722869634628296,-0.3080627918243408,-0.12469077855348587,1.0553805828094482,-0.23829737305641174,-0.1046641618013382,1.1507647037506104,-0.2496126890182495,-0.10465304553508759,1.1981523036956787,-0.21589282155036926,-0.06866027414798737,1.1579025983810425,-0.2158627212047577,-0.02854166179895401,1.1779747009277344,-0.19224315881729126,-0.1525954008102417,0.8848528861999512,-0.08954942971467972,0.17703165113925934,1.0296286344528198,-0.09780554473400116,0.16723333299160004,1.131658673286438,-0.16493958234786987,-0.22849389910697937,1.1342332363128662,-0.1388685703277588,-0.1609436273574829,0.9656550884246826,-0.2772893011569977,-0.04574665427207947,0.2894690930843353,-0.25420352816581726,-0.09659891575574875,0.30389291048049927,-0.20243339240550995,0.007630708161741495,0.5088819265365601,-0.15155145525932312,-0.19293910264968872,0.8639147877693176,-0.17894262075424194,-0.05171456187963486,0.6520140171051025,-0.16697782278060913,-0.09364386647939682,0.7043312788009644,-0.15062445402145386,-0.03474707528948784,0.7100540399551392,-0.10242091119289398,-0.017191804945468903,1.101999044418335,-0.11384126543998718,-0.07700742036104202,1.128544569015503,-0.016434965655207634,0.21285395324230194,1.2050879001617432,-0.11425025761127472,-0.018231147900223732,0.8669122457504272,-0.21124327182769775,-0.10989208519458771,0.3160827159881592,-0.11854380369186401,-0.020233483985066414,1.2078728675842285,-0.09499028325080872,-0.038421399891376495,1.135579228401184,-0.19422784447669983,-0.08715768903493881,0.45637980103492737,-0.14355897903442383,0.01619787886738777,1.7301421165466309,-0.14975608885288239,-0.020248986780643463,1.7198448181152344,-0.11127813160419464,-0.05745801329612732,1.7292912006378174,-0.1295994371175766,-0.09492165595293045,1.6870291233062744,-0.14350725710391998,-0.08652034401893616,1.5860719680786133,-0.18556126952171326,-0.0655176118016243,0.34967416524887085,-0.08497192710638046,-0.11645936965942383,0.7450524568557739,-0.16483421623706818,-0.07496718317270279,0.27876555919647217,-0.18274863064289093,-0.10326872020959854,0.28378814458847046,-0.20019426941871643,-0.023904426023364067,0.21391114592552185,-0.046873994171619415,0.06518933176994324,0.970366358757019,-0.09710726886987686,0.025589343160390854,1.7762521505355835,-0.1145704835653305,0.01380855217576027,1.762191653251648,0.059084855020046234,0.1325882077217102,1.187345027923584,-0.02611725777387619,0.14850792288780212,1.1879148483276367,0.03494645655155182,0.12077855318784714,1.2451225519180298,-0.005410939455032349,-0.03093893826007843,1.253880500793457,0.051901914179325104,0.2007644921541214,1.238303542137146,0.057674773037433624,0.1472328156232834,1.0738592147827148,0.11529797315597534,0.2069476991891861,1.1588807106018066,0.01115945540368557,0.11500200629234314,1.6607341766357422,0.08860237896442413,0.13415977358818054,1.0822944641113281,0.040946684777736664,-0.2188800722360611,0.9141489267349243,0.10505212843418121,-0.07762801647186279,0.2691207528114319,0.1359655112028122,-0.0844445675611496,0.21020962297916412,0.06846485286951065,-0.1300649493932724,0.7091405391693115,0.032719627022743225,0.009785911068320274,1.0741004943847656,0.09405821561813354,-0.04891031235456467,0.5795162320137024,0.09358575195074081,0.09380915015935898,1.3144152164459229,0.04958885535597801,-0.0554007813334465,1.4194358587265015,0.042137548327445984,0.10016227513551712,1.6244229078292847,0.033057503402233124,0.03234146535396576,1.5949790477752686,0.03969128429889679,0.04832344502210617,1.5687453746795654,0.008808499202132225,0.0014954544603824615,1.811005711555481,0.05304819718003273,-0.0756712406873703,1.3542258739471436,0.15890704095363617,-0.016898952424526215,0.5139929056167603,0.12483818829059601,-0.0050025638192892075,0.5098921656608582,0.1549137979745865,-0.007771052420139313,0.36050522327423096,0.17664834856987,-0.009574826806783676,0.3324601650238037,0.0627254918217659,-0.03934405371546745,1.5109128952026367,0.04938358813524246,-0.048082929104566574,1.5209301710128784,0.0637332871556282,-0.046064116060733795,1.5041327476501465,0.13381889462471008,-0.0526692196726799,0.7766544222831726,0.15173082053661346,-0.09581823647022247,0.6465331315994263,0.11736103892326355,0.024955155327916145,0.9776450395584106,0.09873992204666138,-0.07663685083389282,1.099463939666748,0.09181560575962067,-0.1306159347295761,1.0905628204345703,0.10102036595344543,-0.1557549238204956,1.0394375324249268,0.06672167778015137,-0.0030822977423667908,1.633817434310913,0.07837724685668945,-0.00967039167881012,1.5497685670852661,0.07013903558254242,-0.144234299659729,1.2500500679016113,0.0978073924779892,0.062292784452438354,1.537270426750183,0.08524050563573837,0.035916127264499664,1.577722430229187,0.20645537972450256,-0.0030820295214653015,0.10187780857086182,0.22044233977794647,-0.04430541396141052,0.08975610882043839,0.1072244793176651,0.04108066484332085,1.5033315420150757,0.11460611969232559,0.05403302237391472,1.4691804647445679,0.12306496500968933,0.04136921837925911,1.4338802099227905,0.12583741545677185,0.05540156364440918,1.4197111129760742,0.08014031499624252,-0.2277868688106537,1.1859221458435059,0.17886951565742493,-0.1567310094833374,0.8926825523376465,0.09670329838991165,-0.20200031995773315,1.197005271911621,0.09344560652971268,-0.22824853658676147,1.1853058338165283,0.2064954936504364,-0.11209150403738022,0.9134271144866943,0.20931869745254517,-0.08943401277065277,0.8936773538589478,0.21716663241386414,-0.054465148597955704,0.9040425419807434,-0.22060510516166687,-0.0947410836815834,1.2041809558868408,-0.18015813827514648,-0.09302501380443573,1.271043300628662,-0.18786776065826416,-0.09153631329536438,1.2543970346450806,-0.1788678765296936,-0.08351162821054459,1.260939121246338,-0.17582222819328308,-0.08133241534233093,1.277773141860962,-0.19742608070373535,0.00246441550552845,0.8922677636146545,-0.15049834549427032,-0.04614298790693283,1.2954546213150024,-0.14571265876293182,-0.06417626887559891,1.0773134231567383,-0.13912004232406616,0.10571511089801788,1.5414791107177734,-0.14829346537590027,-0.0812084972858429,1.2009224891662598,-0.14563465118408203,-0.07754763960838318,1.1471741199493408,-0.10768625885248184,0.10735524445772171,1.4355792999267578,-0.09344315528869629,0.10146253556013107,1.3962754011154175,-0.13401833176612854,-0.14007003605365753,1.0447793006896973,-0.0999818965792656,-0.16631925106048584,1.0048874616622925,-0.1383947730064392,-0.0273624025285244,0.795755922794342,-0.024039071053266525,0.18985147774219513,1.2744309902191162,-0.08259536325931549,0.13184316456317902,1.635202407836914,-0.1967102438211441,-0.0366717092692852,0.08011334389448166,-0.2097274512052536,-0.02421802096068859,0.07143356651067734,-0.08318787813186646,0.025881459936499596,0.8741592764854431,0.0006622802466154099,0.09551681578159332,0.858630895614624,-0.06746482849121094,-0.01941283792257309,0.8524249792098999,0.023755446076393127,0.09293682873249054,1.337467908859253,-0.0526510588824749,-0.0793796256184578,0.770156979560852,-0.0773123949766159,-0.11677992343902588,1.602691411972046,-0.007294311188161373,0.014776105061173439,0.8781862258911133,-0.005827178247272968,-0.02564317174255848,0.8571361303329468,0.017965978011488914,-0.11846029758453369,0.8625673055648804,-0.07954704761505127,-0.16462984681129456,0.8621966242790222,-0.007406758144497871,-0.22576221823692322,0.8550272583961487,0.03779266029596329,-0.11041711270809174,0.8432012796401978,-0.007451711688190699,-0.16141851246356964,0.8668088912963867,-0.01661892980337143,0.030532140284776688,1.487859845161438,0.029881013557314873,-0.0367012582719326,0.8546448349952698,0.034404754638671875,-0.050200290977954865,0.8392780423164368,-0.004595775157213211,0.039292238652706146,1.5664069652557373,0.00017656013369560242,0.04368230700492859,1.5406690835952759,0.046123385429382324,-0.12457384169101715,0.8588458299636841,0.1327495574951172,0.05766109377145767,0.8701646327972412,0.10669482499361038,-0.04864650219678879,0.26952049136161804,0.05721748247742653,-0.03598058223724365,0.8280801773071289,0.09632109850645065,0.12570247054100037,1.2200311422348022,0.13575252890586853,-0.08337835967540741,0.3947198987007141,0.13176536560058594,-0.059756968170404434,0.332783579826355,0.14814862608909607,-0.08244818449020386,0.34735333919525146,0.1471313089132309,-0.12050971388816833,0.2916945815086365,0.08390582352876663,0.07577362656593323,1.5036834478378296,0.08314500749111176,-0.01685163378715515,0.8633215427398682,0.11188741028308868,-0.036363475024700165,0.8444485664367676,0.07056555151939392,-0.07202859222888947,1.2532747983932495,0.165260449051857,-0.09672990441322327,0.4427163004875183,0.06967797130346298,0.050935450941324234,1.6131389141082764,0.056250520050525665,-0.02687608078122139,1.3034875392913818,0.1781752109527588,-0.08225865662097931,0.3496515452861786,0.1241036057472229,0.18327967822551727,1.2183068990707397,0.07656440138816833,-0.05438409373164177,1.2261898517608643,0.1670447438955307,-0.016612350940704346,0.2246485948562622,0.1676127165555954,0.17526313662528992,1.1380608081817627,0.16359364986419678,-0.006066303700208664,0.26227355003356934,0.19058960676193237,-0.1210663691163063,0.26552441716194153,0.13263756036758423,0.0736720934510231,1.334303855895996,0.07385922968387604,-0.029219139367341995,1.4683250188827515,0.08270111680030823,-0.02589571848511696,1.434059500694275,0.07164116203784943,-0.028042785823345184,1.467149019241333,0.09661014378070831,-0.02497631497681141,1.4133410453796387,0.0881255567073822,-0.1694308966398239,1.237457275390625,0.07488188147544861,-0.1785227358341217,1.2318902015686035,0.16291724145412445,0.09360545128583908,1.243615746498108,0.18911807239055634,0.12523888051509857,1.1827349662780762,0.1849077045917511,0.11812973767518997,1.148939609527588,0.09478296339511871,-0.032847147434949875,1.2589393854141235,0.08810696750879288,-0.06461377441883087,1.2731000185012817,0.16127347946166992,-0.18156546354293823,0.9015110731124878,0.09423040598630905,-0.07530857622623444,1.2825380563735962,0.09626462310552597,-0.09879820793867111,1.1794790029525757,0.11623188853263855,-0.03499334305524826,1.1619186401367188,0.10368157923221588,-0.0801282674074173,1.1489241123199463,0.15660357475280762,-0.12861381471157074,1.1976559162139893,0.18427804112434387,-0.11304861307144165,1.0704772472381592,0.15799756348133087,-0.15714704990386963,1.1213929653167725,-0.16832183301448822,-0.21446938812732697,1.1731611490249634,-0.16666537523269653,-0.14435546100139618,1.2189054489135742,-0.17297710478305817,-0.1306408941745758,1.2382268905639648,-0.15776348114013672,-0.20060035586357117,1.1732726097106934,-0.1258605420589447,0.11179092526435852,1.464255928993225,-0.1321001648902893,0.1005348190665245,1.4481453895568848,-0.12852077186107635,0.11689341813325882,1.4051601886749268,-0.16684186458587646,0.015171155333518982,1.691882848739624,-0.1709083914756775,-0.01980993151664734,1.6077635288238525,-0.24284368753433228,-0.06385543942451477,0.3480496406555176,-0.13398432731628418,-0.06680048257112503,0.8658723831176758,-0.13764514029026031,-0.09115035831928253,0.8452653288841248,-0.07421739399433136,0.19049736857414246,1.0086411237716675,-0.11606991291046143,-0.11731453984975815,1.2587329149246216,-0.12124063819646835,-0.028511054813861847,0.8405035734176636,-0.12085498124361038,-0.000992603600025177,1.7422850131988525,-0.10625120997428894,-0.11994127929210663,1.1364309787750244,-0.07409188151359558,-0.18275955319404602,1.1345500946044922,-0.02356724999845028,0.16475260257720947,1.1141704320907593,0.049046214669942856,0.14841599762439728,1.1133201122283936,-0.07278457283973694,-0.022427082061767578,1.1510939598083496,-0.05598928779363632,-0.11402332782745361,0.855252206325531,-0.06214386224746704,-0.18762235343456268,1.0664339065551758,-0.05175270140171051,0.01739603281021118,1.0593125820159912,-0.06915029138326645,-0.10514609515666962,1.7014795541763306,0.03704509511590004,-0.1026826798915863,0.7797378301620483,-0.02338368259370327,0.11154766380786896,1.3073325157165527,0.11837611347436905,-0.057995282113552094,0.06454262882471085,0.1580805778503418,0.19014552235603333,1.0744118690490723,0.11438263207674026,0.14032763242721558,1.1357624530792236,0.10594205558300018,0.2146206796169281,1.0829312801361084,0.10155438631772995,0.08687980473041534,0.8713221549987793,0.17833195626735687,0.02257022261619568,0.09286782145500183,0.12543755769729614,-0.038033388555049896,0.8715803027153015,0.1689148247241974,-0.0865430235862732,0.40045949816703796,0.08014726638793945,-0.0486644022166729,1.3989720344543457,0.07840114831924438,-0.06993352621793747,1.3210856914520264,0.20209667086601257,-0.0005034767091274261,0.8941971659660339,0.19893914461135864,-0.05074022710323334,0.9588512182235718,0.17414329946041107,-0.14212264120578766,1.086881399154663,-0.2589450180530548,-0.11905354261398315,1.1670596599578857,-0.1958683431148529,-0.08417681604623795,0.9479559659957886,-0.21495521068572998,-0.07240299135446548,0.8958748579025269,-0.13202756643295288,0.09980016946792603,1.400533676147461,-0.1068134754896164,0.13105840981006622,1.2621145248413086,-0.15005621314048767,0.02701796218752861,1.5259084701538086,-0.1383122354745865,-0.056301966309547424,1.045088291168213,-0.14561018347740173,-0.08453845977783203,1.0845812559127808,-0.1495225876569748,0.031195607036352158,1.5269044637680054,-0.15055258572101593,0.018040180206298828,1.5133662223815918,-0.14942319691181183,0.023420561105012894,1.5211671590805054,-0.1512603610754013,0.02198377251625061,1.5251805782318115,-0.15619441866874695,0.011084742844104767,1.5141191482543945,-0.2381702959537506,-0.12331902235746384,0.19716589152812958,-0.16957853734493256,-0.0560494065284729,1.6593685150146484,-0.046474575996398926,-0.014105986803770065,1.20622980594635,-0.20176495611667633,-0.13996000587940216,0.07073359191417694,-0.06348424404859543,-0.01852479949593544,1.2490507364273071,-0.018056809902191162,-0.027598250657320023,1.163172721862793,-0.035527750849723816,0.09332255274057388,0.933314323425293,-0.05931270867586136,-0.013649899512529373,1.7602930068969727,-0.07468057423830032,-0.06906693428754807,0.7100754976272583,0.002118470147252083,0.11274662613868713,1.27249276638031,-0.002811424434185028,-0.19197244942188263,1.0151824951171875,-0.05360324680805206,-0.17988678812980652,1.2360230684280396,0.053625643253326416,0.13455639779567719,1.1566886901855469,0.12680426239967346,-0.049703195691108704,0.1994132250547409,0.05513228103518486,-0.18026593327522278,1.0017551183700562,0.10580530017614365,-0.17405059933662415,0.9899192452430725,0.0557115338742733,0.04911728948354721,1.5365946292877197,0.04564494267106056,-0.16423577070236206,1.185171365737915,0.022824428975582123,-0.03747958689928055,1.16302490234375,0.08088076114654541,-0.03070349246263504,1.0913910865783691,0.0774749368429184,0.05809371545910835,0.9672735929489136,0.1674531102180481,-0.08042674511671066,0.036105796694755554,0.1432371586561203,-0.07464448362588882,0.036060113459825516,0.19802342355251312,-0.058420345187187195,0.045166146010160446,0.20968300104141235,-0.09510868042707443,0.252250075340271,0.0708853080868721,-0.02817181497812271,1.4649405479431152,0.06975622475147247,-0.02747618779540062,1.464682936668396,0.06421541422605515,-0.04206632450222969,1.3268976211547852,0.07763896882534027,-0.06446249783039093,1.3098024129867554,0.20516227185726166,0.13992518186569214,1.0821641683578491,0.20261059701442719,0.11925875395536423,1.0360214710235596,0.21166574954986572,0.12284639477729797,1.032698631286621,0.19817760586738586,-0.10578051954507828,1.0716657638549805,0.1759023368358612,-0.16368331015110016,1.0668383836746216,0.18233293294906616,-0.19034484028816223,1.0610460042953491,-0.2568359076976776,-0.08252178132534027,1.092086672782898,-0.175637885928154,-0.1737372875213623,1.2091317176818848,-0.21320632100105286,-0.06926530599594116,0.37636637687683105,-0.038386642932891846,0.16971620917320251,0.9836817979812622,-0.1128336638212204,-0.14109696447849274,1.0841951370239258,-0.03730905428528786,-0.04195842146873474,0.8499284982681274,-0.06270533800125122,-0.02960125356912613,0.8163272738456726,-0.0579693503677845,-0.0822480246424675,0.8173066973686218,-0.010013073682785034,0.008606990799307823,1.1047528982162476,0.02458910271525383,-0.20866243541240692,0.8457126021385193,0.09832341969013214,0.014090253971517086,0.8790198564529419,0.13273712992668152,0.13704144954681396,1.1016298532485962,0.07425336539745331,0.012001905590295792,1.55286705493927,0.08671772480010986,0.033051952719688416,1.5305349826812744,0.18623748421669006,-0.11978944391012192,0.9588053822517395,-0.17982113361358643,-0.1871671825647354,1.1783559322357178,-0.14720334112644196,0.07539563626050949,1.5584936141967773,-0.011847175657749176,0.17781156301498413,1.0299631357192993,-0.12630870938301086,0.10110867023468018,1.590179681777954,-0.10412381589412689,0.06257908046245575,1.5793246030807495,-0.07323294132947922,0.05240364372730255,1.5590672492980957,0.019289731979370117,-0.19477428495883942,1.0739102363586426,0.03356858342885971,-0.1359986662864685,1.2715587615966797,0.16630397737026215,-0.09719886630773544,0.17178452014923096,0.07209990918636322,-0.1264454573392868,1.2295105457305908,0.08437370508909225,-0.12116218358278275,1.176274061203003,0.10881709307432175,0.0625356137752533,1.432068109512329,0.0973595529794693,0.09083939343690872,1.4423445463180542,0.08933080732822418,-0.0771929994225502,1.1814415454864502,0.13053739070892334,-0.07539787143468857,0.8552030324935913,0.05908902734518051,-0.15977704524993896,1.2554134130477905,0.13622082769870758,0.08910275995731354,1.3551105260849,-0.10148550570011139,0.12610268592834473,1.3465745449066162,-0.20454218983650208,0.0072533730417490005,0.38337811827659607,0.0524960421025753,-0.10217885673046112,0.7389066219329834,-0.014779627323150635,-0.11282821744680405,1.6818439960479736,-0.08951728045940399,0.18807971477508545,1.0760149955749512,-0.16947029531002045,-0.08267340064048767,1.2804077863693237,-0.16220226883888245,-0.03364331275224686,0.4173114597797394,0.016331013292074203,0.1349223107099533,1.4721237421035767,0.1256755292415619,-0.08427397906780243,0.04167691618204117,0.06557847559452057,-0.0448937714099884,1.505730390548706,0.06527967751026154,-0.04515889286994934,1.5025405883789062,0.06902696192264557,-0.03209695965051651,1.4211183786392212,0.20144374668598175,-0.07832856476306915,0.2237871289253235,0.19812585413455963,-0.04398173838853836,0.21214650571346283,0.10410450398921967,-0.09818915277719498,1.2283427715301514,-0.17365095019340515,-0.15732569992542267,0.9437647461891174,-0.11371742188930511,0.11271189153194427,1.3755264282226562,-0.11339370906352997,0.1097896471619606,1.3756009340286255,-0.11759506165981293,0.10841105878353119,1.3760677576065063,-0.18142308294773102,-0.061589282006025314,0.21552197635173798,-0.03630382940173149,-0.09654080122709274,0.8507248163223267,0.13824062049388885,-0.07608810067176819,0.16016340255737305,0.11871945858001709,-0.12763457000255585,1.1884701251983643,0.04679648578166962,-0.06857158243656158,1.6404178142547607,0.14788316190242767,-0.09822636842727661,0.8052523136138916,0.12447087466716766,0.05199181288480759,1.4011529684066772,0.13225087523460388,0.06980851292610168,1.366652250289917,0.1262494921684265,-0.01018516719341278,0.07368595153093338,-0.018797345459461212,-0.4630100429058075,1.1185818910598755,-0.010869834572076797,-0.43412673473358154,1.0922900438308716,-0.013922367244958878,-0.44512873888015747,1.0959628820419312,-0.020209643989801407,-0.43870681524276733,1.100265622138977,-0.024067958816885948,-0.4613412320613861,1.1063125133514404,-0.01248003076761961,-0.4520268142223358,1.1203842163085938,0.06489630043506622,-0.3327822685241699,1.0848405361175537,0.05139946565032005,-0.3342285752296448,1.0779902935028076,0.05087723210453987,-0.3541222810745239,1.087992548942566,0.041935570538043976,-0.36073169112205505,1.0908701419830322,0.12983596324920654,-0.20610977709293365,1.00248384475708,0.12334965169429779,-0.21801528334617615,1.020254135131836,0.12236747145652771,-0.21754081547260284,0.9950932264328003,0.039995357394218445,-0.3490753769874573,1.045656681060791,0.03478643298149109,-0.3614133596420288,1.0604381561279297,0.03918777033686638,-0.38300621509552,1.1154372692108154,0.04267367720603943,-0.37190693616867065,1.1012026071548462,0.10062269866466522,-0.24802428483963013,0.9803603887557983,0.09819097071886063,-0.25322794914245605,1.0051606893539429,0.1027899831533432,-0.2822871208190918,1.0730665922164917,0.09957465529441833,-0.27407094836235046,1.0666120052337646,0.005146940238773823,-0.4391544461250305,1.1288262605667114,-0.00011751509737223387,-0.4281386733055115,1.0812197923660278,0.1272348314523697,-0.22179287672042847,0.9856097102165222,0.1190750002861023,-0.22548320889472961,0.9836879372596741,0.2502380609512329,-0.07153966277837753,1.0533753633499146,0.24147212505340576,-0.08194979280233383,1.0526174306869507,0.2464592307806015,-0.07238249480724335,1.0327941179275513,0.02403811551630497,-0.4029678702354431,1.1108050346374512,0.011693586595356464,-0.4227573275566101,1.117287039756775,0.12389267981052399,-0.22457671165466309,0.9793105125427246,0.12377467751502991,-0.22258594632148743,0.969831645488739,-0.035619474947452545,-0.4820249080657959,1.0702784061431885,-0.039759278297424316,-0.49413010478019714,1.0803077220916748,0.25906339287757874,-0.06441160291433334,1.0454953908920288,0.25589945912361145,-0.07187575101852417,1.058692455291748,0.2538427412509918,-0.06371550261974335,1.0397071838378906,0.25098559260368347,-0.07239335030317307,1.0302023887634277,-0.044624216854572296,-0.5178724527359009,1.1343681812286377,-0.05008253827691078,-0.534888505935669,1.1465792655944824,-0.05623262748122215,-0.5341684222221375,1.1289781332015991,0.07082757353782654,-0.3053211569786072,1.0174732208251953,0.06605293601751328,-0.3221627175807953,1.0172703266143799,0.05108124762773514,-0.3383624255657196,1.0154032707214355,0.056235700845718384,-0.33893710374832153,1.0098145008087158,0.2552652359008789,-0.07862226665019989,1.064544439315796,0.2583584785461426,-0.064649298787117,1.0357345342636108,0.03731270879507065,-0.4017261266708374,1.1259255409240723,0.04220261424779892,-0.40349268913269043,1.1257075071334839,0.027181481942534447,-0.41248974204063416,1.127612829208374,0.022475967183709145,-0.42958566546440125,1.135301113128662,0.09353949129581451,-0.27457746863365173,1.0000731945037842,0.08428335189819336,-0.28974011540412903,0.996951699256897,0.08171726763248444,-0.2897627651691437,1.0031102895736694,0.26126721501350403,-0.0671650767326355,1.0405782461166382,0.25698167085647583,-0.08047036826610565,1.0616934299468994,0.25220581889152527,-0.07653023302555084,1.0335749387741089,0.1324002742767334,-0.20307569205760956,0.9388831257820129,0.12838178873062134,-0.20924806594848633,0.9318058490753174,0.1277254968881607,-0.21682944893836975,0.9562556147575378,0.12924452126026154,-0.21405604481697083,0.9463565349578857,0.1276126652956009,-0.20861057937145233,0.9426026344299316,0.04575510695576668,-0.35860583186149597,1.0082529783248901,0.04730452224612236,-0.3444041609764099,1.0032689571380615,0.04455801099538803,-0.3505008816719055,0.9928057193756104,0.04230461269617081,-0.3558444678783417,0.9934889078140259,0.25414779782295227,-0.08105170726776123,1.0409951210021973,-0.04911644756793976,-0.5432131290435791,1.1539534330368042,-0.05069851130247116,-0.5400968790054321,1.1357738971710205,-0.05135147273540497,-0.551053524017334,1.151675820350647,-0.05876866728067398,-0.552824854850769,1.154315710067749,-0.05464240536093712,-0.5346577167510986,1.1217749118804932,0.1504814475774765,-0.2206004112958908,0.9963299036026001,0.1337805837392807,-0.22647792100906372,0.9840459227561951,-0.020281273871660233,-0.47078585624694824,1.060481309890747,-0.034461699426174164,-0.4903930127620697,1.0716798305511475,-0.040469031780958176,-0.5090048313140869,1.0868515968322754,0.11991304159164429,-0.27896642684936523,1.0725288391113281,0.1073165237903595,-0.2915973663330078,1.0742125511169434,0.10754270851612091,-0.3054857850074768,1.0707736015319824,0.04777105152606964,-0.4005295932292938,1.1294151544570923,0.041878946125507355,-0.40789422392845154,1.121155023574829,0.015568243339657784,-0.44755280017852783,1.1337662935256958,0.05601394921541214,-0.37507855892181396,1.1114157438278198,0.0007946668192744255,-0.4512445032596588,1.0756292343139648,-0.018379420042037964,-0.4776775538921356,1.0775290727615356,0.12304341048002243,-0.2802078127861023,1.0663650035858154,0.05538448691368103,-0.3907608091831207,1.0953534841537476,0.06284334510564804,-0.3757122755050659,1.0850056409835815,0.0462636724114418,-0.4046770930290222,1.1001594066619873,-0.03341681882739067,-0.517515242099762,1.1211856603622437,-0.027665622532367706,-0.5092164874076843,1.109405755996704,0.0416320264339447,-0.37940067052841187,1.041640043258667,0.048905275762081146,-0.38430047035217285,1.057485580444336,0.036777377128601074,-0.39404016733169556,1.0612156391143799,0.04232920706272125,-0.3977452218532562,1.071067214012146,0.08704803138971329,-0.335590660572052,1.076019287109375,0.06532618403434753,-0.362286776304245,1.084303379058838,0.015062388963997364,-0.44924041628837585,1.1121453046798706,0.006505054887384176,-0.4662856459617615,1.1118594408035278,-0.004933737218379974,-0.46923646330833435,1.1172488927841187,0.014959984458982944,-0.44292739033699036,1.08610999584198,0.010170554742217064,-0.45019030570983887,1.0830750465393066,0.07038670778274536,-0.3508424162864685,1.0403116941452026,0.06128998100757599,-0.36365896463394165,1.0437442064285278,0.06632423400878906,-0.3415997624397278,1.024651288986206,0.06091553345322609,-0.35890161991119385,1.03450345993042,0.05248156189918518,-0.3703467845916748,1.0464833974838257,0.08317267149686813,-0.33831727504730225,1.047998070716858,0.09339969605207443,-0.3266127407550812,1.0520830154418945,0.08735589683055878,-0.31304508447647095,1.0234050750732422,0.08821864426136017,-0.32481589913368225,1.0411458015441895,0.008620258420705795,-0.4582103490829468,1.0900720357894897,0.0012237932533025742,-0.47371968626976013,1.0986154079437256,-0.0008513620123267174,-0.4653558135032654,1.0910569429397583,0.010889008641242981,-0.47150033712387085,1.094785213470459,0.1501455456018448,-0.23411323130130768,1.0118815898895264,-0.0029955818317830563,-0.41546180844306946,1.106507420539856,-0.015151383355259895,-0.4258781671524048,1.0993036031723022,0.02983492985367775,-0.36676114797592163,1.086195945739746,0.031156741082668304,-0.36459311842918396,1.0810843706130981,0.02007443457841873,-0.3765607476234436,1.0933741331100464,0.026032935827970505,-0.37022608518600464,1.0796749591827393,0.019958747550845146,-0.3804692327976227,1.0895003080368042,0.04793594777584076,-0.3413451611995697,1.0615770816802979,0.04091545194387436,-0.3518543243408203,1.062873363494873,0.058979034423828125,-0.3268927037715912,1.0562080144882202,0.028048675507307053,-0.37823981046676636,1.0975720882415771,-0.013060041703283787,-0.4478057324886322,1.0717741250991821,-0.021872326731681824,-0.4578074812889099,1.100028395652771,0.027868369594216347,-0.36916378140449524,1.0581443309783936,-0.03343964368104935,-0.4768598675727844,1.1122896671295166,-0.04359781742095947,-0.4960287809371948,1.1125357151031494,-0.032225530594587326,-0.4835270047187805,1.1031540632247925,-0.04528724402189255,-0.5102617740631104,1.1253474950790405,0.14244285225868225,-0.20403122901916504,1.0204328298568726,0.14018598198890686,-0.24265626072883606,1.0935617685317993,0.1267244666814804,-0.24641874432563782,1.0853214263916016,0.13387331366539001,-0.25001585483551025,1.0910799503326416,0.09189797937870026,-0.27273041009902954,1.008819580078125,0.2379074990749359,-0.07633058726787567,1.0222764015197754,0.241457998752594,-0.09093935042619705,1.065056562423706,0.2338569015264511,-0.10045124590396881,1.0611234903335571,0.2326948642730713,-0.09605954587459564,1.0533608198165894,0.0711524710059166,-0.34267446398735046,1.0915052890777588,0.00013124756515026093,-0.45460695028305054,1.1449248790740967,-0.04862554743885994,-0.513026237487793,1.1035765409469604,0.20173554122447968,-0.12707750499248505,1.0220038890838623,0.19106315076351166,-0.15037770569324493,1.0140382051467896,0.0844840407371521,-0.3247021436691284,1.0949715375900269,0.07558120787143707,-0.32885944843292236,1.0888993740081787,0.052697379142045975,-0.3627081513404846,1.0959575176239014,-0.05151577293872833,-0.522921085357666,1.1075228452682495,-0.05225472152233124,-0.545070230960846,1.159255027770996,-0.055388983339071274,-0.5492006540298462,1.1623334884643555,-0.057013001292943954,-0.5482288599014282,1.143715739250183,0.16100355982780457,-0.1855027973651886,1.0173271894454956,0.1547696590423584,-0.20674735307693481,1.0200470685958862,0.06312111765146255,-0.3659172058105469,1.0961259603500366,0.13879361748695374,-0.20807527005672455,0.9993107318878174,-0.0411703959107399,-0.4990347921848297,1.0826654434204102,0.17018142342567444,-0.21215808391571045,1.1042674779891968,0.17038694024085999,-0.21563401818275452,1.1028538942337036,0.1614166498184204,-0.2218329757452011,1.0908948183059692,0.1629658341407776,-0.22776037454605103,1.101630687713623,0.15799419581890106,-0.23891067504882812,1.1069644689559937,0.1490107923746109,-0.21741193532943726,1.0704736709594727,0.15774108469486237,-0.22263282537460327,1.0739409923553467,-0.054441653192043304,-0.5505296587944031,1.1642330884933472,0.031028931960463524,-0.38769662380218506,1.0453972816467285,0.02732398919761181,-0.39604777097702026,1.0536677837371826,0.02156994864344597,-0.39793604612350464,1.0555694103240967,0.03805099427700043,-0.3709772527217865,1.0299813747406006,0.16553547978401184,-0.2291494756937027,1.1009643077850342,0.15807321667671204,-0.24008147418498993,1.1033530235290527,0.13052961230278015,-0.23115652799606323,0.9722605347633362,0.16888898611068726,-0.22277817130088806,1.098966360092163,0.16315805912017822,-0.22849059104919434,1.0911931991577148,0.051097091287374496,-0.3926101624965668,1.1192505359649658,0.12129753082990646,-0.2329367995262146,0.9448224902153015,0.11938457190990448,-0.23150353133678436,0.940790593624115,0.11108705401420593,-0.24109430611133575,0.9297598600387573,0.10675056278705597,-0.2485952377319336,0.9358928203582764,0.1595860719680786,-0.21548327803611755,1.0181938409805298,0.15150146186351776,-0.2468894124031067,1.088657259941101,0.03823615610599518,-0.4095489978790283,1.1081527471542358,0.02636689692735672,-0.4272040128707886,1.1155014038085938,0.12440471351146698,-0.24267160892486572,0.9715038537979126,0.12030980736017227,-0.2504313588142395,0.97095787525177,0.115472212433815,-0.2442965805530548,0.9575535655021667,0.0301707461476326,-0.42754489183425903,1.1057548522949219,0.04022970050573349,-0.41394758224487305,1.0964933633804321,0.02868814207613468,-0.42165714502334595,1.0837764739990234,0.04175283759832382,-0.4058409333229065,1.07969331741333,-0.022771401330828667,-0.488653302192688,1.0903819799423218,-0.020322442054748535,-0.4952544569969177,1.0980685949325562,0.13462887704372406,-0.24546121060848236,0.9900057315826416,0.14650286734104156,-0.24809175729751587,1.0381832122802734,0.13178978860378265,-0.26625776290893555,1.0364426374435425,0.13635341823101044,-0.261249840259552,1.0241459608078003,0.12578371167182922,-0.27872493863105774,1.0368012189865112,0.11433184146881104,-0.2849907875061035,1.029209852218628,0.029333429411053658,-0.43648356199264526,1.0904487371444702,0.03597445785999298,-0.4287315309047699,1.0858230590820312,0.02078588679432869,-0.46084868907928467,1.1064461469650269,0.07024584710597992,-0.37773972749710083,1.0754077434539795,0.05263429880142212,-0.399495393037796,1.0847795009613037,0.06264947354793549,-0.38266313076019287,1.0757596492767334,0.056754495948553085,-0.3926740288734436,1.0734909772872925,0.05572998896241188,-0.39844465255737305,1.0814021825790405,0.05699629709124565,-0.3875119090080261,1.0793812274932861,0.05123301222920418,-0.4026162624359131,1.0781744718551636,0.013616958633065224,-0.47150713205337524,1.102867841720581,0.014743799343705177,-0.4640188217163086,1.0932717323303223,-0.012658965773880482,-0.43225401639938354,1.1137479543685913,-0.020700540393590927,-0.44563543796539307,1.1121976375579834,-0.014737010933458805,-0.4313708245754242,1.0954539775848389,-0.025978656485676765,-0.4475446343421936,1.106177568435669,0.12547840178012848,-0.23302674293518066,1.0742160081863403,0.11810191720724106,-0.22601567208766937,1.0070608854293823,0.10981115698814392,-0.23558348417282104,1.003986120223999,0.13854928314685822,-0.20950470864772797,1.046572208404541,0.0017563030123710632,-0.42581021785736084,1.1150245666503906,0.009342567063868046,-0.40844017267227173,1.0857218503952026,0.09604745358228683,-0.26334577798843384,1.0326095819473267,0.0920194759964943,-0.2723846435546875,1.0213954448699951,0.11537405848503113,-0.24774575233459473,1.067311406135559,0.10799641907215118,-0.26462703943252563,1.068701982498169,0.013519492000341415,-0.4023771286010742,1.0857064723968506,-0.0016196276992559433,-0.438799113035202,1.1207070350646973,0.07980891317129135,-0.2920578718185425,1.0326355695724487,0.06352892518043518,-0.3187505602836609,1.0484470129013062,0.06722821295261383,-0.308987021446228,1.0286617279052734,0.02140001952648163,-0.3859921097755432,1.0742100477218628,-0.037856437265872955,-0.4984378218650818,1.1301989555358887,-0.05317150801420212,-0.5268962979316711,1.1348329782485962,-0.053777195513248444,-0.5234035849571228,1.1151796579360962,0.14672639966011047,-0.23401539027690887,1.1005403995513916,0.12668997049331665,-0.2612013816833496,1.0971335172653198,0.09542379528284073,-0.29713037610054016,1.0782089233398438,0.08168023824691772,-0.31626248359680176,1.086698055267334,0.06320832669734955,-0.32257264852523804,1.0232899188995361,0.12337959557771683,-0.27403873205184937,1.1063979864120483,0.12150696665048599,-0.2586759030818939,1.073185920715332,0.11705386638641357,-0.27272409200668335,1.073123574256897,-0.010251743718981743,-0.47245895862579346,1.1422529220581055,-0.02213887870311737,-0.48939287662506104,1.137062907218933,0.01956273801624775,-0.3961690664291382,1.061198353767395,0.18451038002967834,-0.16122952103614807,1.0421617031097412,0.1907024085521698,-0.15035024285316467,1.0425044298171997,0.04594936594367027,-0.34435561299324036,1.0056116580963135,0.09448736906051636,-0.31310364603996277,1.0804836750030518,0.09051169455051422,-0.3254971504211426,1.0979384183883667,-0.0022599976509809494,-0.4664378762245178,1.1436220407485962,-0.001829748973250389,-0.47103485465049744,1.1394529342651367,-0.013879307545721531,-0.4805987477302551,1.138336181640625,0.11158863455057144,-0.2513754963874817,0.9686388969421387,0.10151026397943497,-0.2634018659591675,0.9687783718109131,0.09766700118780136,-0.2613402009010315,0.969957709312439,0.10703004151582718,-0.2444981336593628,0.9612412452697754,0.11084607988595963,-0.24757379293441772,0.9582356810569763,0.10426739603281021,-0.24758054316043854,0.9438115954399109,0.09415651857852936,-0.26857250928878784,0.9920065999031067,0.09985493868589401,-0.24470555782318115,0.939099907875061,0.09395156800746918,-0.255105197429657,0.9315357208251953,0.16020658612251282,-0.21349278092384338,1.0457143783569336,0.15521454811096191,-0.2184617668390274,1.049235224723816,0.15004289150238037,-0.20853501558303833,1.0169891119003296,0.1484660506248474,-0.24272117018699646,1.09827721118927,0.14232125878334045,-0.25166964530944824,1.0891544818878174,0.04756949841976166,-0.4008030891418457,1.1398520469665527,0.04815354198217392,-0.3952714204788208,1.1402134895324707,0.045051880180835724,-0.39104148745536804,1.1258074045181274,0.1016719788312912,-0.25218093395233154,0.9279502630233765,0.10655440390110016,-0.2383497953414917,0.9292939901351929,0.09816628694534302,-0.2702535092830658,0.9888551831245422,0.00384140620008111,-0.4390791654586792,1.0686217546463013,-0.011175925843417645,-0.453438937664032,1.06660795211792,0.16003426909446716,-0.23089121282100677,1.0764837265014648,0.1712743490934372,-0.20090515911579132,1.0439777374267578,0.005114154890179634,-0.4622235596179962,1.1227253675460815,0.05560867488384247,-0.3453482389450073,1.0093579292297363,0.23201149702072144,-0.10971531271934509,1.0236377716064453,0.22444559633731842,-0.12054066359996796,1.0221354961395264,0.05722914636135101,-0.35175278782844543,1.0152323246002197,0.17521144449710846,-0.19787633419036865,1.0322741270065308,0.16653300821781158,-0.21197235584259033,1.0359406471252441,0.1612531542778015,-0.2096540927886963,1.0242328643798828,0.023460354655981064,-0.434509813785553,1.0865380764007568,0.1474350392818451,-0.22854796051979065,0.9934340119361877,0.07569551467895508,-0.33508509397506714,1.0304335355758667,0.16027726233005524,-0.2270665466785431,1.036206841468811,0.15431344509124756,-0.24161891639232635,1.0395376682281494,0.15697509050369263,-0.24069619178771973,1.064745545387268,0.14456701278686523,-0.24981211125850677,1.0486884117126465,0.16298528015613556,-0.2196275144815445,1.0247166156768799,0.15695005655288696,-0.22292783856391907,1.0105767250061035,0.03264925628900528,-0.43576544523239136,1.0955826044082642,0.043514542281627655,-0.34407198429107666,1.0797942876815796,0.03771248832345009,-0.3453897535800934,1.0765999555587769,0.035179734230041504,-0.3543996214866638,1.08599853515625,0.038758281618356705,-0.34132707118988037,1.0705797672271729,0.030789930373430252,-0.3576200604438782,1.0810149908065796,0.006521997973322868,-0.40336769819259644,1.1017849445343018,0.005783759523183107,-0.41279518604278564,1.1092298030853271,0.03220739588141441,-0.3654788136482239,1.0770039558410645,0.02590087801218033,-0.37330514192581177,1.0706026554107666,0.01747460663318634,-0.3902292847633362,1.08717942237854,0.016608161851763725,-0.39576736092567444,1.0999987125396729,0.103482186794281,-0.25065451860427856,1.0297272205352783,0.13426907360553741,-0.23304012417793274,1.0862822532653809,0.14409589767456055,-0.21994033455848694,1.0749566555023193,0.15604665875434875,-0.1857178807258606,1.0403755903244019,0.15868288278579712,-0.18113484978675842,1.0286225080490112,0.03493353724479675,-0.3699386715888977,1.0390689373016357,0.051719434559345245,-0.3332822322845459,1.028625249862671,0.03733294829726219,-0.35616064071655273,1.0041083097457886,0.04361667111515999,-0.34411901235580444,1.031683087348938,0.22965088486671448,-0.10562358796596527,1.060773491859436,0.2428392916917801,-0.08254948258399963,1.0381879806518555,0.2334870547056198,-0.09260766208171844,1.0442503690719604,0.22867830097675323,-0.09579024463891983,1.0343443155288696,0.22011920809745789,-0.10186999291181564,1.0291821956634521,0.1825912445783615,-0.15257813036441803,1.0170115232467651,0.17228485643863678,-0.1670268177986145,1.0164581537246704,0.16176187992095947,-0.21357864141464233,1.1011103391647339,0.04280979186296463,-0.39687931537628174,1.1400612592697144,0.017375104129314423,-0.43173450231552124,1.1337270736694336,-0.023107154294848442,-0.4666532278060913,1.0578758716583252,-0.023774325847625732,-0.4628902077674866,1.0625016689300537,0.1149548664689064,-0.22990433871746063,0.9381740093231201,0.10266271978616714,-0.23595307767391205,0.9327435493469238,0.1972089260816574,-0.15560421347618103,1.0412189960479736,0.18889084458351135,-0.17086350917816162,1.0411782264709473,0.045602791011333466,-0.3954218029975891,1.143612027168274,0.07612472772598267,-0.3143838047981262,1.0144922733306885,0.07199494540691376,-0.32885468006134033,1.0225249528884888,0.09200689941644669,-0.3204929530620575,1.0854533910751343,0.08197229355573654,-0.3336225748062134,1.0874820947647095,0.07040099054574966,-0.3480539917945862,1.0880968570709229,0.11911701411008835,-0.2703307271003723,0.9988118410110474,0.22080472111701965,-0.13118183612823486,1.0348652601242065,0.21519657969474792,-0.14139661192893982,1.0242403745651245,-0.024601291865110397,-0.5018327832221985,1.105844497680664,0.12321162223815918,-0.28283846378326416,1.0560799837112427,0.11455178260803223,-0.29908114671707153,1.0473295450210571,0.12404480576515198,-0.2676912248134613,1.0143165588378906,0.12004873156547546,-0.26390549540519714,0.987356960773468,0.10248570144176483,-0.2792712450027466,1.0041029453277588,0.14055371284484863,-0.2612055540084839,1.0458439588546753,0.14717388153076172,-0.2590571641921997,1.0615190267562866,0.13847996294498444,-0.26669836044311523,1.060265302658081,0.13264362514019012,-0.27125632762908936,1.0449955463409424,0.12131625413894653,-0.23145988583564758,1.0479326248168945,0.13026587665081024,-0.21130900084972382,1.0298569202423096,0.12452944368124008,-0.21968072652816772,1.0400142669677734,0.11687695980072021,-0.22745931148529053,1.028039574623108,-0.0037772078067064285,-0.42518341541290283,1.092955470085144,0.11105727404356003,-0.23009668290615082,0.9973841309547424,-0.012901954352855682,-0.45995277166366577,1.1246850490570068,0.08358289301395416,-0.2818729877471924,1.0198075771331787,0.20906472206115723,-0.11706864833831787,1.040934443473816,0.2014329731464386,-0.12652479112148285,1.034673810005188,0.20333951711654663,-0.12390879541635513,1.0241131782531738,0.12301133573055267,-0.25644803047180176,1.0749191045761108,0.12135618180036545,-0.2689955234527588,1.0978540182113647,0.12413576245307922,-0.2600570023059845,1.0832351446151733,0.10677286982536316,-0.24789293110370636,0.9701537489891052,0.09345236420631409,-0.25020286440849304,0.9295330047607422,0.012630295008420944,-0.41480574011802673,1.0637547969818115,0.007127401418983936,-0.42355281114578247,1.0647045373916626,-0.0008759964257478714,-0.43273985385894775,1.0691404342651367,0.14888954162597656,-0.2136729508638382,1.0496207475662231,0.12916219234466553,-0.2734495997428894,1.1010276079177856,0.12093814462423325,-0.2758859097957611,1.0987974405288696,0.12476696819067001,-0.27087128162384033,1.087439775466919,0.12312804907560349,-0.26751473546028137,1.070822834968567,-0.03686115890741348,-0.4885864853858948,1.0689518451690674,-0.04525928199291229,-0.516401469707489,1.0998278856277466,0.23708900809288025,-0.09719919413328171,1.0327354669570923,0.24171149730682373,-0.08411389589309692,1.0123655796051025,0.24179184436798096,-0.08453696221113205,1.0273174047470093,0.23692847788333893,-0.09531901031732559,1.0263087749481201,0.2347818911075592,-0.09945868700742722,1.0181622505187988,0.2348729968070984,-0.08748117834329605,1.0093393325805664,0.22996580600738525,-0.09890248626470566,1.0131354331970215,0.09812992066144943,-0.27867835760116577,0.9973048567771912,0.21986231207847595,-0.11430785059928894,1.0081703662872314,0.2001183182001114,-0.15555894374847412,1.0202114582061768,0.18685129284858704,-0.16718533635139465,1.0169050693511963,0.1883014589548111,-0.17676754295825958,1.0317962169647217,0.16173943877220154,-0.22348371148109436,1.0426621437072754,0.1595316231250763,-0.22960856556892395,1.0578498840332031,0.1123984307050705,-0.26267242431640625,0.9765445590019226,0.09651069343090057,-0.3269677460193634,1.0604877471923828,0.10390455275774002,-0.3105073869228363,1.0412185192108154,0.04023967310786247,-0.4257708191871643,1.0924217700958252,0.08605678379535675,-0.3494204878807068,1.0643924474716187,0.07787419110536575,-0.3673263490200043,1.0710452795028687,0.08094751834869385,-0.36019665002822876,1.0653369426727295,0.06733839958906174,-0.3796619176864624,1.0703030824661255,0.07126928120851517,-0.3099377751350403,1.0708011388778687,0.059047453105449677,-0.31786996126174927,1.0687825679779053,0.08489076793193817,-0.2945517301559448,1.0716060400009155,0.06618514657020569,-0.3098607063293457,1.058046817779541,-0.028600547462701797,-0.472173273563385,1.0852868556976318,0.15726642310619354,-0.18682631850242615,1.0221768617630005,0.14750432968139648,-0.1997501254081726,1.024354338645935,0.14637096226215363,-0.1995733380317688,1.038553237915039,0.17770811915397644,-0.15913763642311096,1.0352156162261963,0.17397817969322205,-0.16766712069511414,1.0405936241149902,0.03488122671842575,-0.39031949639320374,1.124367117881775,0.031626731157302856,-0.39708390831947327,1.121867299079895,0.05063774436712265,-0.37969040870666504,1.1143348217010498,-0.006750957109034061,-0.4440281391143799,1.0673884153366089,0.13029758632183075,-0.20265641808509827,0.9360981583595276,0.12167346477508545,-0.214161217212677,0.9368942379951477,0.24532152712345123,-0.07469355314970016,1.0172789096832275,0.23913931846618652,-0.07828163355588913,1.0124928951263428,0.23122943937778473,-0.1194106936454773,1.068845272064209,0.2296404242515564,-0.12539733946323395,1.0645955801010132,-0.017070723697543144,-0.49027219414711,1.1335092782974243,-0.02894286997616291,-0.509869396686554,1.1275347471237183,-0.014406069181859493,-0.4897822141647339,1.106101632118225,0.08167114853858948,-0.3042457103729248,1.0079610347747803,0.24507659673690796,-0.10081111639738083,1.0463157892227173,0.24295079708099365,-0.10181542485952377,1.0521655082702637,0.2349364459514618,-0.11138272285461426,1.0478236675262451,0.1508532464504242,-0.25173115730285645,1.077512264251709,0.04557400196790695,-0.40357688069343567,1.089644432067871,0.13842177391052246,-0.23716679215431213,0.994377076625824,0.13278257846832275,-0.2497093379497528,1.002423882484436,0.0021046986803412437,-0.40477699041366577,1.0971301794052124,-0.00065587367862463,-0.41478848457336426,1.0991806983947754,0.13349676132202148,-0.2215966284275055,1.0594470500946045,0.09123603999614716,-0.27490663528442383,1.0374531745910645,0.08031138777732849,-0.2877344489097595,1.0488418340682983,0.14882156252861023,-0.2083272933959961,1.0462946891784668,0.22570298612117767,-0.096461720764637,1.0164824724197388,0.21582508087158203,-0.10776567459106445,1.0138195753097534,0.2155601680278778,-0.11173716187477112,1.0093237161636353,0.2273329794406891,-0.1156475841999054,1.0698776245117188,0.2219625562429428,-0.11615616828203201,1.0679199695587158,0.2171844094991684,-0.11654161661863327,1.0519784688949585,-0.03206101059913635,-0.5031243562698364,1.1327953338623047,0.03958583250641823,-0.3586304783821106,1.0187151432037354,0.03947264701128006,-0.3503940999507904,0.9951084852218628,0.23208527266979218,-0.08427131921052933,1.0106322765350342,0.015614861622452736,-0.4379033148288727,1.137938380241394,0.00964213628321886,-0.4545723795890808,1.1474599838256836,0.17514784634113312,-0.18628597259521484,1.0449774265289307,0.16013984382152557,-0.19924646615982056,1.0488899946212769,0.09586187452077866,-0.2508723735809326,0.9257593154907227,0.2368766814470291,-0.10601016134023666,1.0587711334228516,0.2460826337337494,-0.0859580785036087,1.0393627882003784,0.23815305531024933,-0.09203401952981949,1.0395498275756836,0.13396164774894714,-0.20791959762573242,0.9362581968307495,0.12748554348945618,-0.2246604859828949,0.957642674446106,0.2107970416545868,-0.14665403962135315,1.0328538417816162,0.043606746941804886,-0.3659400939941406,1.0226120948791504,0.04674184322357178,-0.3547234833240509,0.9962770342826843,0.09300459921360016,-0.32979077100753784,1.0960354804992676,0.05730803683400154,-0.3752467632293701,1.060373067855835,0.06165856122970581,-0.38082897663116455,1.068520426750183,0.07844209671020508,-0.34561288356781006,1.052862524986267,0.07090780138969421,-0.3572078347206116,1.0579060316085815,0.09766408056020737,-0.2659703493118286,1.0534002780914307,0.08317660540342331,-0.30546724796295166,1.0789639949798584,0.06891554594039917,-0.32295697927474976,1.078708291053772,0.02910671755671501,-0.3804658055305481,1.043565273284912,0.11955710500478745,-0.22151072323322296,0.956375241279602,0.11195281893014908,-0.22745269536972046,0.9446086287498474,0.1074916198849678,-0.2383805811405182,0.9665036201477051,0.13391253352165222,-0.26228997111320496,1.0956056118011475,0.130015030503273,-0.26134148240089417,1.0774141550064087,0.011767160147428513,-0.4562910497188568,1.1455985307693481,0.23097380995750427,-0.11412882804870605,1.0379127264022827,0.18287116289138794,-0.18373671174049377,1.0380045175552368,0.1780073344707489,-0.18846242129802704,1.019051194190979,0.1239359900355339,-0.23450514674186707,1.0610814094543457,0.11124809086322784,-0.24412551522254944,1.0510525703430176,0.10756508260965347,-0.2514840364456177,1.052603006362915,0.10855244845151901,-0.23752400279045105,1.0380579233169556,0.1376923769712448,-0.2037239968776703,1.027292013168335,0.18156149983406067,-0.14488008618354797,1.0250465869903564,0.15648789703845978,-0.22575300931930542,1.0999256372451782,0.15522922575473785,-0.22011630237102509,1.0952961444854736,0.020684361457824707,-0.41434839367866516,1.0662376880645752,0.13684146106243134,-0.25781869888305664,1.071651816368103,0.1284717619419098,-0.26438280940055847,1.0690521001815796,0.13433220982551575,-0.23353400826454163,0.9843500852584839,0.09184619784355164,-0.3255380392074585,1.0815904140472412,0.08738560974597931,-0.3334416151046753,1.0848220586776733,0.10877072811126709,-0.28879427909851074,1.0234237909317017,0.05317869782447815,-0.39054393768310547,1.0675967931747437,0.10675519704818726,-0.24197342991828918,1.0108094215393066,0.010940445587038994,-0.4132762551307678,1.0720016956329346,0.16907942295074463,-0.18355759978294373,1.0461055040359497,0.24200989305973053,-0.08265789598226547,1.0310496091842651,0.24609801173210144,-0.09590218216180801,1.0678635835647583,0.22185924649238586,-0.12082238495349884,1.0517882108688354,0.21625685691833496,-0.12981216609477997,1.0449949502944946,0.20981356501579285,-0.14003539085388184,1.0391521453857422,-0.03969937562942505,-0.5187888741493225,1.1347941160202026,-0.049097202718257904,-0.5360510349273682,1.1447795629501343,0.2239324301481247,-0.12361636012792587,1.0501044988632202,-0.04760158061981201,-0.5296152234077454,1.1152710914611816,-0.04092494770884514,-0.5260947942733765,1.1324574947357178,0.13220533728599548,-0.2609207034111023,1.0783213376998901,0.08750534802675247,-0.3047578036785126,1.0129567384719849,0.08911191672086716,-0.2918635904788971,1.0001306533813477,-0.007683170028030872,-0.48275047540664673,1.1017887592315674,0.10849573463201523,-0.3079265058040619,1.0612869262695312,0.027149949222803116,-0.3916991949081421,1.1062233448028564,0.022066673263907433,-0.38827329874038696,1.0969887971878052,0.20385144650936127,-0.12834912538528442,1.0402510166168213,0.20329979062080383,-0.13654449582099915,1.0430235862731934,0.15508060157299042,-0.24474266171455383,1.0844587087631226,0.09900004416704178,-0.2993824779987335,1.0271605253219604,0.14922606945037842,-0.25752928853034973,1.0606416463851929,0.14676885306835175,-0.24222594499588013,1.0196595191955566,0.12268643081188202,-0.24131561815738678,1.0744504928588867,0.23644600808620453,-0.0877450555562973,1.0289335250854492,0.21610671281814575,-0.1273765116930008,1.017084002494812,0.21017491817474365,-0.1221381276845932,1.0151638984680176,0.2086988091468811,-0.13113056123256683,1.0182545185089111,0.16909530758857727,-0.18956801295280457,1.0166987180709839,0.19106614589691162,-0.17164504528045654,1.0239869356155396,0.10236640274524689,-0.29446643590927124,1.0128556489944458,0.10895222425460815,-0.3020084500312805,1.0360195636749268,0.06378796696662903,-0.3659227788448334,1.0546555519104004,0.09314057230949402,-0.3333607316017151,1.0570265054702759,0.050545834004879,-0.32846617698669434,1.0708688497543335,0.14038541913032532,-0.20521306991577148,1.041614294052124,0.12775851786136627,-0.2755642235279083,1.1010292768478394,0.1718212068080902,-0.16275572776794434,1.0249221324920654,0.23014749586582184,-0.08804545551538467,1.0222777128219604,0.02378223091363907,-0.45641595125198364,1.0963867902755737,0.022458385676145554,-0.45586639642715454,1.087899923324585,-0.03315616399049759,-0.47814804315567017,1.063066840171814,0.14026273787021637,-0.256504088640213,1.0867763757705688,-0.03623049706220627,-0.5123857259750366,1.1026188135147095