-1.018856406211853,-0.2947269678115845,1.1691337823867798,-1.0150939226150513,-0.2974203824996948,1.1492546796798706,-0.9946779012680054,-0.3117620348930359,1.1556410789489746,-1.000241994857788,-0.26611801981925964,1.1514482498168945,-0.9942184090614319,-0.24285072088241577,1.2141505479812622,-0.9883826375007629,-0.26987871527671814,1.1836824417114258,-0.9770386219024658,-0.2224961817264557,1.220258355140686,-0.8812862634658813,-0.21961238980293274,1.3754714727401733,-0.9079830050468445,-0.20664989948272705,1.3774797916412354,-0.9531776309013367,-0.23334571719169617,1.2364072799682617,-0.9037259817123413,-0.2104106843471527,1.3970558643341064,-0.9645625948905945,-0.25939080119132996,1.1932886838912964,-0.8314337730407715,-0.20576830208301544,1.4882252216339111,-0.8226027488708496,-0.182700514793396,1.4871037006378174,-0.8307868242263794,-0.19776694476604462,1.4330530166625977,-0.789546012878418,-0.19724401831626892,1.5212141275405884,-0.8204113245010376,-0.211931973695755,1.4801074266433716,-0.9089788198471069,-0.19465486705303192,1.3872458934783936,-0.8267627954483032,-0.1867384910583496,1.4747936725616455,-0.7888330221176147,-0.18358097970485687,1.5253647565841675,-0.7834833860397339,-0.1875160038471222,1.483023762702942,-0.7836452722549438,-0.20021840929985046,1.4585672616958618,-0.8197594881057739,-0.20956219732761383,1.4304051399230957,-0.7569369077682495,-0.19907942414283752,1.5163073539733887,-0.7475190162658691,-0.17180135846138,1.5209461450576782,-0.7341040968894958,-0.18604058027267456,1.596132516860962,-0.7265272736549377,-0.20809239149093628,1.5884346961975098,-0.7303411364555359,-0.17784710228443146,1.5851126909255981,-0.7099849581718445,-0.17289215326309204,1.5618466138839722,-0.7087154388427734,-0.18378451466560364,1.5701568126678467,-0.7294869422912598,-0.19014376401901245,1.5533788204193115,-0.6870260834693909,-0.18334749341011047,1.606548547744751,-0.7715961933135986,-0.1975547969341278,1.4828720092773438,-0.7215089201927185,-0.1683039367198944,1.4897540807724,-0.6736852526664734,-0.1625918447971344,1.6547431945800781,-0.6713972091674805,-0.1776983141899109,1.6568037271499634,-0.6142578125,-0.18648895621299744,1.6353952884674072,-0.6453419923782349,-0.16506756842136383,1.6285536289215088,-0.6320460438728333,-0.17077399790287018,1.6712075471878052,-0.6378997564315796,-0.18285292387008667,1.6241177320480347,-0.6306531429290771,-0.15020883083343506,1.662609577178955,-0.5958542227745056,-0.14683690667152405,1.693220615386963,-0.6015821695327759,-0.17125917971134186,1.6846977472305298,-0.5642810463905334,-0.17160403728485107,1.7153961658477783,-0.5563058257102966,-0.18166786432266235,1.748740315437317,-0.5672044157981873,-0.16538658738136292,1.743236780166626,-0.5687341690063477,-0.18213623762130737,1.7310023307800293,-0.5595493316650391,-0.1586327850818634,1.7182987928390503,-0.5070639848709106,-0.1578955203294754,1.7649421691894531,-0.5048344135284424,-0.17116039991378784,1.720308780670166,-0.4904470145702362,-0.14424416422843933,1.7456865310668945,-0.5114170908927917,-0.1851784884929657,1.7913037538528442,-0.5166248083114624,-0.16552457213401794,1.790590763092041,-0.5041821599006653,-0.16855603456497192,1.759372591972351,-0.44824162125587463,-0.1662183403968811,1.7977291345596313,-0.44433942437171936,-0.17262008786201477,1.7871679067611694,-0.4414290487766266,-0.14342856407165527,1.7956122159957886,-0.40004757046699524,-0.14961832761764526,1.757296085357666,-0.3989088237285614,-0.13144005835056305,1.8187944889068604,-0.3527793884277344,-0.13673514127731323,1.7973809242248535,-0.41075757145881653,-0.11997666954994202,1.7636827230453491,-0.3325624465942383,-0.1081119030714035,1.7954498529434204,-0.30400896072387695,-0.11903682351112366,1.7967638969421387,-0.33232131600379944,-0.09148179739713669,1.767173409461975,-0.3224579691886902,-0.07602579891681671,1.7969136238098145,-0.2936212718486786,-0.09434834867715836,1.7836966514587402,-0.3028540015220642,-0.08775600790977478,1.7365128993988037,-0.2695648670196533,-0.12402118742465973,1.773201584815979,-0.31261947751045227,-0.10902918875217438,1.6605710983276367,-0.25642329454421997,-0.10462969541549683,1.7150311470031738,-0.24153414368629456,-0.06469745934009552,1.6466792821884155,-0.2413533329963684,-0.08410435914993286,1.6861926317214966,-0.25968503952026367,-0.08144742250442505,1.7230225801467896,-0.2263287454843521,-0.09072224795818329,1.6344828605651855,-0.21142545342445374,-0.04776956886053085,1.5937334299087524,-0.19867126643657684,-0.06565544009208679,1.5665377378463745,-0.21547706425189972,-0.0783926248550415,1.6302883625030518,-0.2601901590824127,-0.049421824514865875,1.5897705554962158,-0.14006288349628448,-0.05114169418811798,1.4314872026443481,-0.1841922402381897,-0.043450769037008286,1.5325452089309692,-0.16117946803569794,-0.053033940494060516,1.4866456985473633,-0.16637682914733887,-0.008679462596774101,1.4059534072875977,-0.13344338536262512,-0.033479563891887665,1.4366952180862427,-0.13480006158351898,-0.02146235853433609,1.42593514919281,-0.16007976233959198,-0.011144250631332397,1.380997657775879,-0.09017062932252884,-0.040157586336135864,1.3702988624572754,-0.07463382929563522,-0.017637837678194046,1.3747528791427612,-0.07580383867025375,-0.01865120604634285,1.400726556777954,-0.06922926008701324,-0.04091794416308403,1.3892276287078857,0.06825068593025208,-0.03977043926715851,1.4125880002975464,0.08858672529459,-0.0424506850540638,1.380035161972046,0.08023997396230698,-0.06196229159832001,1.396087646484375,0.08185413479804993,-0.027727922424674034,1.398515224456787,0.1174393743276596,-0.05725407227873802,1.4376561641693115,0.11800277233123779,-0.03681080415844917,1.4357818365097046,0.15303882956504822,-0.04726383090019226,1.3807224035263062,0.16903182864189148,-0.07283313572406769,1.4588232040405273,0.1576853096485138,-0.05501793324947357,1.3828911781311035,0.1530328094959259,-0.07060081511735916,1.4767773151397705,0.1628793478012085,-0.02885158360004425,1.3935743570327759,0.1590459942817688,-0.04879573732614517,1.4721850156784058,0.17298558354377747,-0.06094905361533165,1.5376801490783691,0.17894119024276733,-0.08549678325653076,1.5999650955200195,0.23784327507019043,-0.09215741604566574,1.4461256265640259,0.18590772151947021,-0.10574592649936676,1.6308681964874268,0.21793998777866364,-0.10098610818386078,1.5354167222976685,0.1946374773979187,-0.08255163580179214,1.6258515119552612,0.20408982038497925,-0.11219082772731781,1.706667423248291,0.2117227464914322,-0.09938006848096848,1.7153362035751343,0.2105223834514618,-0.11029006540775299,1.7524622678756714,0.20969784259796143,-0.13664960861206055,1.7772215604782104,0.22430197894573212,-0.14783072471618652,1.78143310546875,0.24383193254470825,-0.14689227938652039,1.8083735704421997,0.27111443877220154,-0.11617771536111832,1.801964282989502,0.24562017619609833,-0.12823104858398438,1.8158910274505615,0.2919076383113861,-0.1500067263841629,1.7789250612258911,0.367400586605072,-0.11180533468723297,1.6936323642730713,0.2815971374511719,-0.14377228915691376,1.8118271827697754,0.3310437798500061,-0.12882086634635925,1.8266043663024902,0.3331258296966553,-0.150090292096138,1.822852611541748,0.40147751569747925,-0.1551174521446228,1.8040859699249268,0.36920350790023804,-0.15189306437969208,1.7599475383758545,0.42784905433654785,-0.15655019879341125,1.6625456809997559,0.43554359674453735,-0.10776089876890182,1.6059095859527588,0.3892059028148651,-0.13181492686271667,1.820509910583496,0.5141767263412476,-0.14400361478328705,1.772373080253601,0.4070269465446472,-0.1405365765094757,1.823962688446045,0.4580773711204529,-0.14431443810462952,1.8165251016616821,0.4338696002960205,-0.126338392496109,1.778022289276123,0.45713579654693604,-0.12545734643936157,1.8199682235717773,0.5067207217216492,-0.12309122830629349,1.7830336093902588,0.5114555358886719,-0.11745085567235947,1.7566276788711548,0.46312910318374634,-0.14264459908008575,1.7536107301712036,0.47154587507247925,-0.13447627425193787,1.7948684692382812,0.5159397125244141,-0.13221590220928192,1.7501379251480103,0.5533447265625,-0.10194873809814453,1.7183938026428223,0.5601139068603516,-0.11766226589679718,1.7173726558685303,0.5799137353897095,-0.1053391844034195,1.6824965476989746,0.6031205058097839,-0.12471969425678253,1.6807196140289307,0.62543785572052,-0.09546002000570297,1.7125834226608276,0.6174865961074829,-0.11122783273458481,1.7071030139923096,0.6390798687934875,-0.101987823843956,1.6655347347259521,0.6111072301864624,-0.11091974377632141,1.6848788261413574,0.652407169342041,-0.10152304917573929,1.6228291988372803,0.6596396565437317,-0.1150989681482315,1.6224465370178223,0.7076269388198853,-0.08849893510341644,1.5995079278945923,0.7070417404174805,-0.09220094978809357,1.559463620185852,0.6861498951911926,-0.11728332936763763,1.558727502822876,0.7200174331665039,-0.09667926281690598,1.5214468240737915,0.6417325735092163,-0.1212388202548027,1.6588932275772095,0.6865602135658264,-0.10025317966938019,1.650228500366211,0.6969842910766602,-0.10976693034172058,1.6024667024612427,0.6774312257766724,-0.12771958112716675,1.6459509134292603,0.8025553822517395,-0.0918702706694603,1.539242148399353,0.7464650869369507,-0.11767849326133728,1.557117223739624,0.7655991315841675,-0.10032825917005539,1.534786343574524,0.7508538365364075,-0.10312163829803467,1.5887892246246338,0.7518265843391418,-0.1135140135884285,1.531315803527832,0.7746791839599609,-0.09461960941553116,1.507554292678833,0.771542489528656,-0.11859240382909775,1.5062452554702759,0.8097067475318909,-0.091345876455307,1.5554089546203613,0.8032686710357666,-0.11145254224538803,1.5377212762832642,0.8007965087890625,-0.10940606892108917,1.5582830905914307,0.8205900192260742,-0.10082285851240158,1.4916547536849976,0.8829677700996399,-0.08802658319473267,1.4742259979248047,0.8268530368804932,-0.08478623628616333,1.4689910411834717,0.8863067626953125,-0.08088433742523193,1.4507750272750854,0.882221519947052,-0.10281092673540115,1.4490019083023071,0.9834625720977783,-0.10714355111122131,1.2804985046386719,0.9666865468025208,-0.13138477504253387,1.2986515760421753,0.9995882511138916,-0.14576534926891327,1.2600171566009521,0.9955769181251526,-0.1151929497718811,1.2875524759292603,0.9604885578155518,-0.17684584856033325,1.2612091302871704,1.0367975234985352,-0.17743511497974396,1.2352073192596436,1.0296159982681274,-0.19324275851249695,1.2411233186721802,-0.9805654883384705,-0.28964951634407043,1.138540506362915,-0.9782787561416626,-0.29077988862991333,1.0928527116775513,-0.9915739297866821,-0.31241315603256226,1.0708473920822144,-0.9590439200401306,-0.3051690459251404,1.0929900407791138,-0.9907874464988708,-0.2881585359573364,1.0287262201309204,-0.9697138071060181,-0.3082025945186615,1.0117003917694092,-0.9806848764419556,-0.22721751034259796,1.1989240646362305,-0.9000848531723022,-0.26234298944473267,1.208436131477356,-0.9313487410545349,-0.2697344124317169,1.1623761653900146,-0.9214003682136536,-0.26641592383384705,1.150068759918213,-0.9460757374763489,-0.2771865427494049,1.0816359519958496,-0.9313042163848877,-0.3080534338951111,1.0423734188079834,-0.9643036723136902,-0.32585108280181885,1.0275715589523315,-1.0043103694915771,-0.3144974112510681,0.9315771460533142,-0.979449987411499,-0.33443358540534973,0.9491457343101501,-0.9589248895645142,-0.3508079946041107,0.8961493372917175,-0.88960862159729,-0.288004994392395,1.0895586013793945,-0.9387109279632568,-0.28626731038093567,1.0373897552490234,-0.9969044923782349,-0.2962974011898041,0.9213565587997437,-0.9328851103782654,-0.2983872890472412,1.0254932641983032,-0.924641489982605,-0.28462257981300354,1.0481384992599487,-0.9387227892875671,-0.31657472252845764,1.0068854093551636,-0.9110258221626282,-0.3315630257129669,0.9932793378829956,-0.7842746376991272,-0.20918932557106018,1.2860362529754639,-0.9149332642555237,-0.3950614333152771,0.8501030206680298,-0.9484578967094421,-0.39914047718048096,0.7748483419418335,-0.7058959007263184,-0.224975124001503,1.3721566200256348,-0.7761582136154175,-0.23461875319480896,1.3212229013442993,-0.7836816310882568,-0.21614016592502594,1.253305196762085,-0.7151908278465271,-0.2272953987121582,1.404585838317871,-0.7832002639770508,-0.17689397931098938,1.3642349243164062,-0.82036292552948,-0.3504946231842041,1.0307936668395996,-0.6666484475135803,-0.16040542721748352,1.5388354063034058,-0.6460468769073486,-0.16269776225090027,1.4619007110595703,-0.8963205814361572,-0.25201529264450073,0.8690595626831055,-0.9457425475120544,-0.2600765824317932,0.8022704124450684,-0.848699688911438,-0.24015028774738312,1.0122051239013672,-0.9218609929084778,-0.2715331017971039,0.7743157148361206,-0.7361240983009338,-0.23338814079761505,1.1450296640396118,-0.7804560661315918,-0.27338603138923645,1.101345419883728,-0.7938052415847778,-0.23502366244792938,1.0556225776672363,-0.7452462315559387,-0.21413548290729523,1.0784298181533813,-0.7513435482978821,-0.19486403465270996,1.0822972059249878,-0.706526517868042,-0.21747460961341858,1.1530224084854126,-0.5432582497596741,-0.17919903993606567,1.5631097555160522,-0.5797147154808044,-0.14834028482437134,1.6033872365951538,-0.6698640584945679,-0.15973953902721405,1.147395372390747,-0.6152056455612183,-0.14899922907352448,1.3276430368423462,-0.6338446140289307,-0.1946970522403717,1.3153146505355835,-0.44951897859573364,-0.15340596437454224,1.646934986114502,-0.5144651532173157,-0.16232752799987793,1.5301276445388794,-0.506101667881012,-0.13347052037715912,1.6445777416229248,-0.5950267910957336,-0.1616394817829132,1.2209337949752808,-0.5946635007858276,-0.12334892153739929,1.2431676387786865,-0.6138044595718384,-0.15811830759048462,1.1891560554504395,-0.609871506690979,-0.14320112764835358,1.1779897212982178,-0.4999157190322876,-0.10505503416061401,1.4485805034637451,-0.49860385060310364,-0.09781201183795929,1.3681676387786865,-0.3455740511417389,-0.10315090417861938,1.544726014137268,-0.5096088647842407,-0.08414623886346817,1.1375502347946167,-0.3893691897392273,-0.09462320804595947,1.6457972526550293,-0.2566714584827423,-0.08076468110084534,1.511504054069519,-0.3289276361465454,-0.0551801472902298,1.5119329690933228,-0.2775894105434418,-0.07406666874885559,1.427176594734192,-0.27932465076446533,-0.03327476233243942,1.4249727725982666,-0.3070443868637085,-0.023468108847737312,1.3112695217132568,-0.2923581004142761,-0.023530788719654083,1.2608461380004883,0.2979748249053955,-0.057938896119594574,1.2605986595153809,0.2692435085773468,-0.07785938680171967,1.266229271888733,0.3258558213710785,-0.07953877747058868,1.222760796546936,0.3071593642234802,-0.06549988687038422,1.4156991243362427,0.2778976559638977,-0.093595489859581,1.3244450092315674,0.28816694021224976,-0.05981109291315079,1.3416907787322998,0.37213534116744995,-0.07554610073566437,1.2954562902450562,0.39231249690055847,-0.11691087484359741,1.2854127883911133,0.4099455177783966,-0.07720346748828888,1.200364351272583,0.4321805238723755,-0.08485043048858643,1.1756947040557861,0.4079158902168274,-0.09637568891048431,1.2010560035705566,0.43527844548225403,-0.10269207507371902,1.1835914850234985,0.4685598313808441,-0.08846248686313629,1.1974096298217773,0.3418954610824585,-0.08887501806020737,1.5880786180496216,0.3512097895145416,-0.12602558732032776,1.539458155632019,0.5263079404830933,-0.10005158185958862,1.1853514909744263,0.5066535472869873,-0.13156700134277344,1.18989098072052,0.4648478627204895,-0.1046406552195549,1.19879150390625,0.517912745475769,-0.10918986052274704,1.179560899734497,0.5671908259391785,-0.10959737002849579,1.1529673337936401,0.4086669087409973,-0.1305525004863739,1.4461214542388916,0.577232837677002,-0.11778949201107025,1.2922241687774658,0.5267524719238281,-0.14778168499469757,1.2158211469650269,0.52292400598526,-0.11868972331285477,1.2318755388259888,0.5191342830657959,-0.10568170994520187,1.4277616739273071,0.563933789730072,-0.15137775242328644,1.2761783599853516,0.6379671096801758,-0.13626636564731598,1.2169787883758545,0.6000751852989197,-0.11405573785305023,1.2587006092071533,0.6173015236854553,-0.14321914315223694,1.2333430051803589,0.6197161674499512,-0.1799074113368988,1.2603405714035034,0.530927836894989,-0.11101296544075012,1.4824906587600708,0.5817516446113586,-0.1247948408126831,1.3667649030685425,0.5628771185874939,-0.16402827203273773,1.3832933902740479,0.504750669002533,-0.1547972857952118,1.620308756828308,0.6536346077919006,-0.14302721619606018,1.2655349969863892,0.5334334373474121,-0.11439503729343414,1.6017593145370483,0.5641899704933167,-0.12108518183231354,1.546544075012207,0.5679540634155273,-0.15066146850585938,1.596337080001831,0.8145304322242737,-0.19799739122390747,1.1106913089752197,0.6185734272003174,-0.16117259860038757,1.5298161506652832,0.664264440536499,-0.15903660655021667,1.498488187789917,0.654830276966095,-0.12332821637392044,1.4439587593078613,0.7023943066596985,-0.18332712352275848,1.360529899597168,0.7004827857017517,-0.14114634692668915,1.3553446531295776,0.677703857421875,-0.119941845536232,1.4635297060012817,0.7128773331642151,-0.12962210178375244,1.4100013971328735,0.7621161937713623,-0.14481763541698456,1.3590469360351562,0.7054722309112549,-0.10666156560182571,1.5002225637435913,0.7286694645881653,-0.13412407040596008,1.477144718170166,0.9459227323532104,-0.318244993686676,0.9997372031211853,1.0198228359222412,-0.3338705003261566,0.8764443397521973,1.045319676399231,-0.2591179609298706,0.8674914836883545,0.999259352684021,-0.2781716585159302,0.892711341381073,0.8827091455459595,-0.20679880678653717,1.1934528350830078,0.8971918821334839,-0.2089347243309021,1.1541029214859009,0.8124383687973022,-0.1257365494966507,1.3678429126739502,1.044872522354126,-0.17892658710479736,0.9070597290992737,1.005919337272644,-0.18008680641651154,0.9723113179206848,0.9827535152435303,-0.17900985479354858,1.17383873462677,1.0444828271865845,-0.19471164047718048,1.0905288457870483,0.9876444339752197,-0.2141539305448532,1.080444097518921,1.0330430269241333,-0.23208071291446686,1.1080015897750854,-1.0245906114578247,-0.3293945789337158,1.0246249437332153,-1.004093885421753,-0.33965015411376953,1.0277774333953857,-0.8650044798851013,-0.21243880689144135,1.3544068336486816,-0.8640450239181519,-0.19408977031707764,1.3624818325042725,-0.8738016486167908,-0.21345406770706177,1.307516098022461,-0.8856587409973145,-0.2392227202653885,1.1979607343673706,-0.836087703704834,-0.23179887235164642,1.2240538597106934,-0.89603191614151,-0.28576454520225525,1.1606053113937378,-0.865100622177124,-0.2489982396364212,1.14335036277771,-0.7954903841018677,-0.25743746757507324,1.264112114906311,-0.7324809432029724,-0.2156468778848648,1.420937418937683,-0.7548423409461975,-0.2115662544965744,1.388085961341858,-0.8903741836547852,-0.2555637061595917,0.9238787889480591,-0.9716379642486572,-0.2766920328140259,0.9218361973762512,-0.9732829928398132,-0.2729284167289734,0.8339653015136719,-0.7148691415786743,-0.17729616165161133,1.4052506685256958,-0.7111693620681763,-0.20546069741249084,1.4649858474731445,-0.8571076393127441,-0.319879412651062,1.0061562061309814,-0.8544302582740784,-0.3275923728942871,0.9809677600860596,-0.9259888529777527,-0.3496151566505432,0.8371462225914001,-0.9360322952270508,-0.36911818385124207,0.7857657670974731,-0.8169256448745728,-0.22875872254371643,1.1075893640518188,-0.6762512922286987,-0.18921534717082977,1.5659382343292236,-0.8010626435279846,-0.22898657619953156,1.1501069068908691,-0.8184729218482971,-0.2182873785495758,1.0754060745239258,-0.7782102227210999,-0.26779428124427795,1.1770986318588257,-0.7836543321609497,-0.27522245049476624,1.1589844226837158,-0.7651769518852234,-0.20407012104988098,1.1400353908538818,-0.7334336638450623,-0.23828546702861786,1.2547321319580078,-0.8236225843429565,-0.23831667006015778,1.0230095386505127,-0.8407456278800964,-0.250570684671402,0.9590914249420166,-0.7255989909172058,-0.18645524978637695,1.332600474357605,-0.7071553468704224,-0.18768435716629028,1.2459415197372437,-0.721987247467041,-0.22732532024383545,1.2178349494934082,-0.5863083600997925,-0.17158488929271698,1.595071792602539,-0.6633265614509583,-0.21759027242660522,1.4024683237075806,-0.6431770324707031,-0.19677375257015228,1.2698208093643188,-0.5256872177124023,-0.17605361342430115,1.6424241065979004,-0.5318112373352051,-0.12398099154233932,1.5212370157241821,-0.589471697807312,-0.18512257933616638,1.4131728410720825,-0.6338857412338257,-0.15293674170970917,1.1831483840942383,-0.639049768447876,-0.1868332475423813,1.203669548034668,-0.5825570225715637,-0.13473427295684814,1.4065632820129395,-0.5840358734130859,-0.12967801094055176,1.323489785194397,-0.41413483023643494,-0.08840587735176086,1.558571219444275,-0.5021550059318542,-0.1383957862854004,1.3705987930297852,-0.49756526947021484,-0.12981222569942474,1.2621023654937744,-0.48976558446884155,-0.0893467590212822,1.2569581270217896,-0.5253952145576477,-0.10212461650371552,1.1901839971542358,-0.41803890466690063,-0.10245644301176071,1.2835348844528198,-0.4874202013015747,-0.07227100431919098,1.187371015548706,-0.43019920587539673,-0.08189807832241058,1.460634708404541,-0.38791418075561523,-0.09923568367958069,1.4066095352172852,-0.42874351143836975,-0.05460561066865921,1.1622134447097778,-0.3875921368598938,-0.04007122665643692,1.1830017566680908,-0.2287650853395462,-0.032228950411081314,1.5061777830123901,-0.3010410666465759,-0.06346314400434494,1.3182482719421387,0.36725354194641113,-0.10255090892314911,1.209189772605896,0.23304805159568787,-0.060002002865076065,1.5031427145004272,0.43140703439712524,-0.07690618187189102,1.2630460262298584,0.43017175793647766,-0.11174565553665161,1.251576542854309,0.43973058462142944,-0.07478626072406769,1.1910672187805176,0.4552046060562134,-0.09678724408149719,1.382591962814331,0.48854488134384155,-0.1427461802959442,1.2994697093963623,0.5746119022369385,-0.09792256355285645,1.1602591276168823,0.48134180903434753,-0.10744161903858185,1.5509986877441406,0.6029402613639832,-0.17488539218902588,1.2856886386871338,0.6049232482910156,-0.1262536346912384,1.5140013694763184,0.859188437461853,-0.1999840885400772,1.0277355909347534,0.8814505338668823,-0.18917156755924225,1.017594337463379,0.9259604215621948,-0.2022073119878769,0.9125906825065613,0.9571760892868042,-0.20668280124664307,0.8399838209152222,0.9493836760520935,-0.2334761619567871,0.8540346026420593,0.7640441656112671,-0.14989303052425385,1.2916592359542847,0.9380406737327576,-0.18501725792884827,0.9180775880813599,0.9684065580368042,-0.19175931811332703,0.8469036817550659,0.8566379547119141,-0.25623819231987,1.0928140878677368,0.842373251914978,-0.2723553776741028,1.1414949893951416,0.8443835973739624,-0.29569530487060547,1.110814094543457,0.8889163732528687,-0.2685987651348114,1.0493420362472534,0.9610230922698975,-0.17854410409927368,0.9524505138397217,0.9978671073913574,-0.19291134178638458,0.8738802671432495,0.8965593576431274,-0.18817450106143951,1.1133475303649902,0.8782632946968079,-0.25792551040649414,1.0920897722244263,0.9325850009918213,-0.264703631401062,1.0533688068389893,0.8802199363708496,-0.278290718793869,1.101674199104309,0.9296869039535522,-0.3133116364479065,1.044296145439148,0.8563854694366455,-0.2341095507144928,1.1642435789108276,0.9219722151756287,-0.2311822921037674,1.1276819705963135,1.01710045337677,-0.27393949031829834,0.9070765972137451,1.0302445888519287,-0.3204900622367859,0.849860668182373,1.044136643409729,-0.2204083353281021,0.8579773902893066,0.882469117641449,-0.1775646209716797,1.1918283700942993,0.9718092679977417,-0.20705972611904144,0.9934166669845581,0.9901942610740662,-0.3025684356689453,0.9726426005363464,1.010796308517456,-0.28262951970100403,0.9702534675598145,1.0572588443756104,-0.26362958550453186,0.8963752388954163,0.9669289588928223,-0.1806638538837433,1.145895004272461,0.9958721995353699,-0.17428168654441833,1.1233724355697632,1.0668033361434937,-0.22497977316379547,0.9629868865013123,1.0566414594650269,-0.23594380915164948,0.9823023676872253,0.847708523273468,-0.15527844429016113,1.2847285270690918,0.9527939558029175,-0.11694201827049255,1.2695499658584595,0.920796811580658,-0.15168462693691254,1.2554417848587036,0.8507243394851685,-0.10810409486293793,1.4318722486495972,0.8605778217315674,-0.11764737218618393,1.3899823427200317,0.8601141571998596,-0.11595552414655685,1.3835598230361938,0.8714487552642822,-0.13605007529258728,1.3712952136993408,0.9252197742462158,-0.12025760114192963,1.3203091621398926,0.9092051386833191,-0.13297589123249054,1.3379493951797485,-0.9610905051231384,-0.25658920407295227,1.1789873838424683,-0.9406898021697998,-0.277011901140213,1.1882503032684326,-0.9451072812080383,-0.3030458688735962,1.1560442447662354,-0.9631619453430176,-0.33071309328079224,0.823340654373169,-0.9658283591270447,-0.3814406991004944,0.7872403264045715,-0.8590094447135925,-0.3242349624633789,0.9825326204299927,-0.8993623852729797,-0.34566402435302734,0.9508976936340332,-0.8601258397102356,-0.3743477761745453,0.9701325297355652,-0.9308302402496338,-0.37969669699668884,0.887543797492981,-0.9048391580581665,-0.3431515395641327,0.877058207988739,-0.9044581055641174,-0.3759852647781372,0.8397230505943298,-0.8053290843963623,-0.29430973529815674,1.10990571975708,-0.8070937395095825,-0.32375434041023254,1.060866355895996,-0.8289850950241089,-0.308939129114151,1.073177456855774,-0.8742625713348389,-0.37087199091911316,0.9019405841827393,-0.8826061487197876,-0.3385305404663086,0.9067098498344421,-0.8333293199539185,-0.34817251563072205,0.9919171333312988,-0.8706490397453308,-0.3323543965816498,0.9560846090316772,-0.7611097097396851,-0.20078013837337494,1.2432150840759277,-0.7856612205505371,-0.20937003195285797,1.0694644451141357,-0.7235456705093384,-0.2028122842311859,1.0695620775222778,-0.732352077960968,-0.1780744045972824,1.0723170042037964,-0.6658307909965515,-0.2105627954006195,1.223610281944275,-0.665847897529602,-0.17745380103588104,1.1430113315582275,-0.7104420065879822,-0.16877210140228271,1.09824538230896,-0.7045400738716125,-0.19021378457546234,1.0852198600769043,-0.44697681069374084,-0.12497846782207489,1.4238017797470093,-0.590981662273407,-0.12456268072128296,1.148066759109497,-0.5244230031967163,-0.13562814891338348,1.1718041896820068,-0.5503890514373779,-0.0970068871974945,1.1334538459777832,-0.432719886302948,-0.07423646748065948,1.153446912765503,-0.4774472415447235,-0.07089363038539886,1.134414553642273,-0.34697481989860535,-0.039344243705272675,1.2078430652618408,0.6842564344406128,-0.14828485250473022,1.184039831161499,0.5500094890594482,-0.14217041432857513,1.6730889081954956,0.7890117168426514,-0.16501857340335846,1.179558515548706,0.7309768199920654,-0.1483965367078781,1.139829158782959,0.7668571472167969,-0.18985839188098907,1.148705005645752,0.7741783261299133,-0.1688898205757141,1.140599012374878,0.6861337423324585,-0.14607574045658112,1.3307018280029297,0.7814022898674011,-0.22781752049922943,1.181547999382019,0.8217290043830872,-0.23665358126163483,1.134254813194275,0.8089354038238525,-0.26779770851135254,1.1553609371185303,0.823180079460144,-0.26901787519454956,1.1297619342803955,0.8499710559844971,-0.2466854602098465,1.079567551612854,0.9528090357780457,-0.2559868097305298,0.8977407217025757,0.9812306761741638,-0.2559715509414673,0.8542810082435608,1.0082863569259644,-0.23696836829185486,0.8505250811576843,0.8323533535003662,-0.18859821557998657,1.174506425857544,0.8569692969322205,-0.18423660099506378,1.14263916015625,0.8684059977531433,-0.26044780015945435,1.121463656425476,0.8761551976203918,-0.2678222954273224,1.080594778060913,0.8868259787559509,-0.3100140690803528,1.0549966096878052,0.7033160924911499,-0.1661791056394577,1.4562499523162842,0.9288975596427917,-0.19572056829929352,1.1305350065231323,0.9707792401313782,-0.20085209608078003,1.0965855121612549,0.8782902359962463,-0.1933484524488449,1.2516624927520752,1.0784584283828735,-0.27025270462036133,0.9492572546005249,1.0733722448349,-0.22145451605319977,0.9080608487129211,0.9660343527793884,-0.2176300436258316,1.1276171207427979,0.9905591607093811,-0.23375964164733887,1.080759048461914,0.998600423336029,-0.14443466067314148,1.2731913328170776,0.9749451875686646,-0.20340973138809204,1.2256428003311157,0.9927234053611755,-0.17286129295825958,1.2230048179626465,1.0584293603897095,-0.20992569625377655,1.1076507568359375,1.046988606452942,-0.18810848891735077,1.111047625541687,-0.8717835545539856,-0.22155022621154785,1.3181231021881104,-1.0311059951782227,-0.33556172251701355,0.8051759004592896,-0.863915205001831,-0.31000423431396484,1.0804662704467773,-0.8600419163703918,-0.329239159822464,1.0428401231765747,-0.8628078699111938,-0.28319963812828064,1.1271828413009644,-0.6379168629646301,-0.19110050797462463,1.5345447063446045,-0.8360761404037476,-0.23270416259765625,1.1467854976654053,-0.8422960638999939,-0.2494722306728363,1.110804796218872,-0.945389449596405,-0.31505414843559265,0.7826019525527954,-0.952974259853363,-0.27664077281951904,0.7769913077354431,-0.8085321187973022,-0.2927519679069519,1.0529234409332275,-0.8276141881942749,-0.31625112891197205,1.008199691772461,-0.7986119389533997,-0.31281083822250366,1.0410500764846802,-0.638785719871521,-0.20430509746074677,1.483630895614624,-0.6849589347839355,-0.17554697394371033,1.36570405960083,-0.41561925411224365,-0.048178769648075104,1.2375166416168213,0.2304283082485199,-0.051157135516405106,1.2925200462341309,0.21504634618759155,-0.06513605266809464,1.2968279123306274,0.368974894285202,-0.10945615917444229,1.2494111061096191,0.38107138872146606,-0.08352567255496979,1.1789792776107788,0.45164957642555237,-0.09638156741857529,1.3120578527450562,0.5594469904899597,-0.117256760597229,1.2058528661727905,0.558826744556427,-0.13339519500732422,1.1885569095611572,0.6221961975097656,-0.16557089984416962,1.362806797027588,0.6351994276046753,-0.17815013229846954,1.451061487197876,0.711492657661438,-0.1897341012954712,1.2815346717834473,0.8759366273880005,-0.296111524105072,1.0528008937835693,0.9166049361228943,-0.273860901594162,1.0130518674850464,0.9370542764663696,-0.3175318241119385,0.9763946533203125,0.961274266242981,-0.2856251299381256,0.9250767230987549,0.8295316100120544,-0.2043103277683258,1.241362452507019,1.0367140769958496,-0.32318854331970215,0.8790416717529297,-0.9249217510223389,-0.2861934304237366,1.1667696237564087,-0.8617217540740967,-0.27526798844337463,0.9094477891921997,-0.8853963613510132,-0.28093835711479187,0.8560802936553955,-0.5836842060089111,-0.18119582533836365,1.6345094442367554,-0.5866658687591553,-0.1243814155459404,1.1320816278457642,-0.5889429450035095,-0.12245118618011475,1.099420428276062,-0.5460050106048584,-0.1137881726026535,1.1184031963348389,-0.45205557346343994,-0.06173499673604965,1.1341139078140259,-0.24487602710723877,-0.0266818068921566,1.2848342657089233,-0.24222292006015778,-0.04845736175775528,1.2876642942428589,0.5160268545150757,-0.15266069769859314,1.477469563484192,0.5416872501373291,-0.15803071856498718,1.5404149293899536,0.8209443688392639,-0.17567043006420135,1.2017278671264648,0.8342797756195068,-0.17325814068317413,1.1225061416625977,0.7482720613479614,-0.19850589334964752,1.2913429737091064,0.877142608165741,-0.25114676356315613,1.028640627861023,0.8319817185401917,-0.1864912062883377,1.2854214906692505,0.7886973023414612,-0.1683599054813385,1.3622633218765259,0.9362533688545227,-0.1826837956905365,1.2391235828399658,0.9572243690490723,-0.19963936507701874,1.1787335872650146,1.0343797206878662,-0.24720220267772675,1.0299738645553589,1.0178163051605225,-0.2888791561126709,0.9342116117477417,1.0458083152770996,-0.2214374840259552,1.0220375061035156,-0.9913156032562256,-0.3537551760673523,0.8131564259529114,-0.9768844842910767,-0.30048659443855286,0.7854234576225281,-0.864351749420166,-0.33183273673057556,0.9817473888397217,-0.9372032880783081,-0.3432203531265259,0.8469160199165344,-0.909451425075531,-0.32167649269104004,0.8120330572128296,-0.7697106599807739,-0.2422945648431778,1.0908437967300415,-0.4194026291370392,-0.08839169889688492,1.250565767288208,-0.4496913254261017,-0.08900503069162369,1.1903376579284668,-0.47887611389160156,-0.0806797593832016,1.167880654335022,-0.37257078289985657,-0.07250816375017166,1.2300095558166504,-0.3924311101436615,-0.07484328746795654,1.1547223329544067,-0.4082038700580597,-0.05829371511936188,1.1442255973815918,0.3821932375431061,-0.06429006904363632,1.1880370378494263,0.7444670796394348,-0.20775622129440308,1.2143476009368896,0.7944508790969849,-0.22950194776058197,1.2281674146652222,0.822992205619812,-0.24095751345157623,1.1905239820480347,0.9902049899101257,-0.25644177198410034,1.0669186115264893,-1.0072824954986572,-0.3317515552043915,0.9081559181213379,-1.011273741722107,-0.36073288321495056,0.8756150603294373,-1.0177501440048218,-0.3467554450035095,0.871067464351654,-0.8926895260810852,-0.25715532898902893,1.0498474836349487,-0.8424509167671204,-0.30349281430244446,0.9814937114715576,-0.8116202354431152,-0.3004137873649597,1.0210011005401611,-0.30959591269493103,-0.05122089385986328,1.244765043258667,-0.1634831428527832,-0.03874625638127327,1.383430004119873,-0.15844182670116425,-0.023479633033275604,1.3723888397216797,0.2127891629934311,-0.07669253647327423,1.309198260307312,0.26795464754104614,-0.13588356971740723,1.7121914625167847,0.47034841775894165,-0.11861646175384521,1.6827043294906616,0.4979957938194275,-0.1387031376361847,1.704635739326477,0.5700733065605164,-0.13497765362262726,1.6463912725448608,0.7988332509994507,-0.12106297165155411,1.440947413444519,0.8183081150054932,-0.10979090631008148,1.4845597743988037,0.8223806619644165,-0.09224631637334824,1.4232174158096313,0.8412511348724365,-0.12065751105546951,1.4130737781524658,0.859237015247345,-0.09243015199899673,1.433532476425171,-0.9162249565124512,-0.24287879467010498,1.267849087715149,-0.9276829957962036,-0.22630034387111664,1.2497096061706543,-0.7796475887298584,-0.19104033708572388,1.4639332294464111,-0.7693633437156677,-0.17998331785202026,1.441720724105835,-1.0067248344421387,-0.2873566448688507,0.8354309797286987,-1.021485447883606,-0.2987539768218994,0.7941861152648926,-0.9302583336830139,-0.35288339853286743,0.8915712833404541,-0.9071826934814453,-0.2690405547618866,1.0000536441802979,-0.8077390193939209,-0.21672117710113525,1.1855665445327759,-0.5455089807510376,-0.1665191352367401,1.674083948135376,0.3695891201496124,-0.07626660913228989,1.2518773078918457,0.36739620566368103,-0.08372458815574646,1.491687297821045,0.5920349955558777,-0.13079896569252014,1.2291573286056519,0.5368555784225464,-0.1079120859503746,1.3488587141036987,0.6754042506217957,-0.16075846552848816,1.1824086904525757,0.7177435159683228,-0.17697733640670776,1.1448239088058472,0.6898025870323181,-0.1968582421541214,1.2198078632354736,0.8932558298110962,-0.21731434762477875,0.9838802814483643,0.9107068181037903,-0.2352844923734665,0.978806734085083,0.91902756690979,-0.2827475965023041,1.0570900440216064,0.9102487564086914,-0.16878053545951843,1.227367877960205,1.0100126266479492,-0.18323703110218048,1.0289417505264282,-1.0127155780792236,-0.34715303778648376,0.8331132531166077,-1.0085678100585938,-0.3268185257911682,0.7800869941711426,-0.5857799053192139,-0.10174840688705444,1.1003514528274536,-0.45746007561683655,-0.05539717897772789,1.15805983543396,-0.36232268810272217,-0.056237079203128815,1.196356177330017,0.9702882766723633,-0.1934994012117386,1.0518678426742554,1.079819917678833,-0.24308767914772034,0.844087541103363,1.0856367349624634,-0.24400649964809418,0.8635709285736084,-0.8583269119262695,-0.32853665947914124,1.0194482803344727,-0.8635568618774414,-0.28568559885025024,0.9317300319671631,-0.8771069645881653,-0.31124404072761536,0.8906247615814209,0.6287616491317749,-0.13513769209384918,1.5744150876998901,1.0849552154541016,-0.21667133271694183,0.8526238799095154,1.0088636875152588,-0.20488952100276947,1.1589086055755615,-0.3767746090888977,-0.050313886255025864,1.3253445625305176,0.952715277671814,-0.16959670186042786,1.2330186367034912,-0.8219398856163025,-0.2599065899848938,0.991083025932312,0.9946833252906799,-0.3138304352760315,0.879324197769165,0.9440428018569946,-0.18021652102470398,1.217375636100769,-0.8701508045196533,-0.3555387854576111,0.9900699853897095,-0.3937126398086548,-0.04179374501109123,0.8680464029312134,-0.40165719389915466,-0.0405113659799099,0.8797937035560608,-0.38624799251556396,-0.07495389133691788,0.8742510080337524,-0.3983924090862274,-0.07079923897981644,0.8843088746070862,-0.3662934899330139,-0.04232783615589142,0.9564319252967834,-0.37494149804115295,-0.05164489895105362,0.928641140460968,-0.3536459803581238,-0.022705720737576485,0.902841329574585,-0.3478817045688629,-0.009514804929494858,0.9482725858688354,-0.3665640652179718,-0.07665576040744781,0.9350736737251282,-0.3754385709762573,-0.10700138658285141,0.9148179888725281,-0.34293919801712036,-0.034773655235767365,1.03891921043396,-0.349887877702713,-0.10958316922187805,0.9215437173843384,-0.3579120337963104,-0.06154791638255119,0.9260419607162476,-0.35209184885025024,-0.10708971321582794,0.9698877334594727,-0.3435043692588806,-0.07104751467704773,0.963790774345398,-0.3206981122493744,-0.0064148446545004845,1.0153381824493408,-0.3336107134819031,-0.06011788547039032,0.9696489572525024,-0.3399328291416168,-0.08330699801445007,0.9925024509429932,-0.3471166789531708,-0.06641525030136108,1.0292737483978271,-0.3572201132774353,-0.03037693351507187,1.074669361114502,-0.3604673147201538,-0.09152740240097046,1.0555248260498047,-0.30166691541671753,0.014749940484762192,1.1267569065093994,-0.3094068765640259,0.02390308864414692,1.0756042003631592,-0.35088202357292175,-0.051641352474689484,1.1101305484771729,-0.2650759220123291,0.025937501341104507,1.0735143423080444,-0.2912396490573883,-0.06468214094638824,1.187243938446045,-0.32334285974502563,-0.11630542576313019,1.1192758083343506,-0.26412728428840637,0.028772592544555664,1.1236294507980347,-0.2253059297800064,0.009927645325660706,1.1453523635864258,-0.2372789978981018,-0.008780624717473984,1.2072659730911255,-0.20678652822971344,-0.01187700591981411,1.216839075088501,-0.21084463596343994,-0.11479009687900543,1.2799663543701172,-0.26957571506500244,-0.11806190013885498,1.188124418258667,-0.20488235354423523,-0.030336715281009674,1.2666726112365723,-0.23769201338291168,-0.06477504968643188,1.258819341659546,-0.19327209889888763,-0.04829402267932892,1.3100643157958984,-0.17970502376556396,-0.06326325982809067,1.3489959239959717,-0.1692734807729721,-0.11825373768806458,1.3451716899871826,-0.20311304926872253,-0.14676274359226227,1.2271535396575928,-0.18829752504825592,0.008222579956054688,1.7761917114257812,-0.16553446650505066,0.02036149427294731,1.4177587032318115,-0.1395723819732666,0.06787526607513428,0.8634768724441528,-0.18300476670265198,0.02053430676460266,0.8576391935348511,-0.15654318034648895,-0.07300004363059998,0.8667502403259277,-0.20131580531597137,-0.10398682951927185,0.8536912202835083,-0.17572642862796783,0.009932193905115128,1.6735104322433472,-0.19084398448467255,-0.002918154001235962,1.8045380115509033,-0.1600605696439743,0.003352031111717224,1.7465423345565796,-0.14799737930297852,0.028371058404445648,1.6848490238189697,-0.15585878491401672,0.0011374130845069885,1.6381449699401855,-0.12484758347272873,-0.007620645686984062,1.0524423122406006,-0.15823054313659668,-0.06203610450029373,1.012028455734253,-0.15846197307109833,-0.13243059813976288,0.9976326823234558,-0.1483767032623291,-0.031122475862503052,1.5699026584625244,-0.1873970776796341,0.21295960247516632,0.11782588809728622,-0.19724826514720917,0.1823490411043167,0.07211188226938248,-0.20236514508724213,0.15860924124717712,0.07425885647535324,-0.13461780548095703,-0.11410299688577652,1.403789758682251,-0.130736842751503,-0.05267525091767311,1.3584439754486084,-0.1204536184668541,-0.07530982047319412,1.3349781036376953,-0.14358150959014893,-0.1267157793045044,1.3864068984985352,-0.12029128521680832,-0.15565265715122223,1.3350822925567627,-0.16884438693523407,-0.011619748547673225,0.4821648895740509,-0.1668298840522766,0.00432197330519557,0.39290323853492737,-0.1708974838256836,0.07934962958097458,0.35979363322257996,-0.17802700400352478,0.04380134120583534,0.37530139088630676,-0.15600217878818512,0.007926303893327713,1.7109819650650024,-0.11873035132884979,-0.11119836568832397,1.2950081825256348,-0.12480911612510681,-0.10981684923171997,1.2532601356506348,-0.12174699455499649,-0.15118271112442017,1.273972749710083,-0.14783106744289398,-0.171170175075531,1.2675957679748535,-0.157951220870018,0.11976824700832367,0.30728423595428467,-0.13511067628860474,-0.10319294035434723,1.5798567533493042,-0.14017614722251892,-0.02541729435324669,1.568413496017456,-0.14077892899513245,-0.058585334569215775,1.5683412551879883,-0.14645268023014069,-0.09002534300088882,0.5493260025978088,-0.09728965163230896,0.011476665735244751,1.8145930767059326,-0.10696046054363251,-0.1494140625,1.214858889579773,-0.11896367371082306,-0.05616048350930214,1.177659511566162,-0.11521603167057037,-0.13096946477890015,0.7346500158309937,-0.11076734215021133,0.05765339732170105,1.7441030740737915,-0.10766113549470901,-0.14521020650863647,1.4136314392089844,-0.10443271696567535,-0.11545528471469879,0.8459751605987549,-0.14393828809261322,-0.12957456707954407,0.8685836791992188,-0.12310495972633362,-0.2064240574836731,0.9158499240875244,-0.10929767787456512,-0.21728020906448364,0.8524123430252075,-0.1799984872341156,0.1229918897151947,0.07404794543981552,-0.07322052866220474,0.08428196609020233,1.7357600927352905,-0.09078733623027802,0.019641876220703125,1.7956873178482056,-0.13621464371681213,-0.09632372856140137,1.4713128805160522,-0.11405719816684723,-0.11225484311580658,1.533957600593567,-0.1285330355167389,0.09828095883131027,0.37050697207450867,-0.14534778892993927,0.14381000399589539,0.2775432765483856,-0.17683953046798706,0.10453584045171738,0.100055031478405,-0.13733196258544922,0.26687684655189514,0.16410131752490997,-0.09429353475570679,-0.07044842839241028,1.339854121208191,-0.12663348019123077,-0.10128182917833328,0.5125095248222351,-0.12540382146835327,0.1745160073041916,0.04954882711172104,-0.16602537035942078,0.17502909898757935,0.04361572116613388,-0.09594332426786423,-0.022936321794986725,1.5860315561294556,-0.09324327111244202,-0.0644507110118866,1.5469112396240234,-0.02783624827861786,-0.22055834531784058,0.9110049605369568,-0.09022405743598938,0.0890139490365982,0.865985095500946,-0.16163842380046844,0.019888246431946754,0.2512499988079071,-0.13284984230995178,0.08382280170917511,0.18590182065963745,-0.1188010424375534,0.23072290420532227,0.19549986720085144,-0.08211939036846161,-0.05658629909157753,1.307469129562378,-0.09047118574380875,-0.06871196627616882,1.264216661453247,-0.047222089022397995,-0.18833142518997192,1.314843773841858,-0.11379218101501465,-0.04514775425195694,0.6480615139007568,-0.09501034021377563,-0.1334172636270523,0.725898265838623,-0.06690971553325653,-0.11392457783222198,0.8073781132698059,-0.11723795533180237,0.1093253344297409,0.15929554402828217,-0.1247100830078125,0.12286566197872162,0.08275021612644196,-0.09984810650348663,-0.1642197072505951,1.5399326086044312,-0.07786639779806137,-0.062456510961055756,1.3771693706512451,-0.0505494549870491,-0.048885609954595566,1.3127214908599854,-0.097188301384449,-0.11777925491333008,0.5313315391540527,-0.0698009505867958,-0.1005907729268074,0.5427026748657227,-0.10381034016609192,0.009672412648797035,0.5347350239753723,-0.07034628838300705,-0.15525692701339722,1.4992058277130127,-0.05109088495373726,-0.10688464343547821,1.462073564529419,-0.09100492298603058,-0.06448903679847717,1.4277384281158447,-0.0756080150604248,-0.023757126182317734,0.5223671793937683,-0.04795703664422035,0.04371713101863861,1.7940748929977417,-0.08479555696249008,-0.1849195659160614,1.696199893951416,-0.020955178886651993,-0.1965596079826355,0.997042179107666,-0.05356062576174736,-0.12055373191833496,1.4835071563720703,-0.028618479147553444,-0.14989259839057922,1.4683493375778198,-0.050858378410339355,-0.13440725207328796,1.4512407779693604,-0.026660660281777382,-0.18532885611057281,1.620964765548706,-0.07160679996013641,-0.19283834099769592,1.5630719661712646,-0.03087254799902439,-0.08303326368331909,1.4945658445358276,-0.06594035774469376,-0.0693807601928711,0.6229718327522278,0.009914582595229149,0.0037683025002479553,1.8272459506988525,-0.02905843034386635,0.09608425945043564,1.6981463432312012,-0.012945691123604774,-0.21116340160369873,1.5717318058013916,-0.03236060217022896,-0.19710075855255127,1.5084680318832397,-0.012829063460230827,-0.09131607413291931,1.4634803533554077,-0.006239732727408409,-0.1992785483598709,1.508284091949463,0.01760478876531124,-0.059862203896045685,1.4375226497650146,-0.00962158851325512,-0.0535288043320179,1.3054759502410889,0.005155123770236969,0.058414071798324585,1.7874010801315308,0.012391536496579647,-0.09255841374397278,1.5024269819259644,0.008400404825806618,-0.14611054956912994,1.4854975938796997,0.03347448259592056,0.07101739197969437,1.7366076707839966,0.02374422363936901,0.015039928257465363,1.8034863471984863,0.007505600340664387,-0.14190047979354858,1.458193302154541,0.05351381003856659,-0.15510457754135132,1.5273183584213257,0.016026880592107773,-0.11423692107200623,1.4696948528289795,0.04606687277555466,-0.24517415463924408,0.6363099813461304,0.040874745696783066,-0.048383161425590515,1.5291402339935303,0.07535363733768463,-0.29410380125045776,0.5677087903022766,0.0322687029838562,-0.2158922404050827,1.2614316940307617,0.07567842304706573,-0.06848861277103424,1.2828691005706787,0.07524087280035019,-0.06724697351455688,1.1584316492080688,0.12142258882522583,-0.42830997705459595,0.13023105263710022,0.15520164370536804,-0.43523314595222473,0.10381261259317398,0.11883693188428879,-0.23277440667152405,0.10057628154754639,0.048713117837905884,-0.18960881233215332,1.2524702548980713,0.04082675278186798,-0.2112075686454773,1.1760447025299072,0.04912533611059189,-0.2077593207359314,0.7785434722900391,0.11533623933792114,-0.314708948135376,0.05343586206436157,0.07555092871189117,0.006724469363689423,1.7609825134277344,0.05110503360629082,-0.17387288808822632,1.7032588720321655,0.04033571481704712,-0.17090409994125366,1.6092571020126343,0.04478726536035538,-0.18239565193653107,1.5593093633651733,0.09008972346782684,-0.14333462715148926,0.8828057646751404,0.13274355232715607,0.006978258490562439,1.7889440059661865,0.04920665919780731,-0.04219803214073181,1.58523690700531,0.05110625922679901,-0.06410624086856842,1.5599219799041748,0.111449234187603,-0.24939294159412384,0.3623175621032715,0.10880649834871292,-0.2504104673862457,0.30264195799827576,0.1370295286178589,-0.22778141498565674,0.07324889302253723,0.07552895694971085,0.0006084516644477844,1.8539953231811523,0.09319863468408585,-0.09051952511072159,1.4488848447799683,0.09637361764907837,-0.20495527982711792,0.8757805824279785,0.07646112889051437,-0.12258561700582504,0.8646296262741089,0.12215586751699448,-0.17995032668113708,0.8704938888549805,0.09169308841228485,-0.11670403182506561,0.7355343103408813,0.17294232547283173,-0.4374011754989624,0.12390082329511642,0.08967135846614838,-0.003565587103366852,1.775353193283081,0.07000039517879486,-0.16695302724838257,1.1490153074264526,0.07734274864196777,-0.18876272439956665,1.2713322639465332,0.07921381294727325,-0.20789644122123718,1.2634421586990356,0.13219919800758362,-0.1701064258813858,0.9266298413276672,0.08348219096660614,-0.11416371166706085,1.618406057357788,0.08169694244861603,-0.03502731770277023,1.5923360586166382,0.08073899149894714,-0.062224049121141434,1.5888015031814575,0.08947889506816864,-0.07885225862264633,1.5868147611618042,0.10189667344093323,-0.09498728811740875,1.5658822059631348,0.11828961968421936,-0.20081661641597748,0.6713135242462158,0.10859490931034088,-0.2449483871459961,0.7235205769538879,0.11083117872476578,-0.15016695857048035,1.4089707136154175,0.12321103364229202,-0.07698626816272736,1.3685579299926758,0.08000241219997406,-0.07889989018440247,1.3763489723205566,0.08679971098899841,-0.09146532416343689,1.3497776985168457,0.10893796384334564,-0.13015086948871613,0.8457347750663757,0.18234507739543915,-0.27171534299850464,0.07143127918243408,0.19851399958133698,-0.3137531280517578,0.06333205103874207,0.10009334981441498,-0.018206996843218803,1.728419303894043,0.12474972754716873,-0.10212069749832153,1.4233580827713013,0.1687321960926056,-0.30509185791015625,0.36174505949020386,0.12125816941261292,0.0008522719144821167,1.6969776153564453,0.09306004643440247,0.025711458176374435,1.6936756372451782,0.10724351555109024,-0.009230703115463257,1.663806676864624,0.192543625831604,-0.3177882730960846,0.16697952151298523,0.20110265910625458,-0.4028128683567047,0.11156981438398361,0.16862234473228455,-0.4254530072212219,0.1566014438867569,0.1632898449897766,0.0022826185449957848,0.9416084289550781,0.15059001743793488,-0.017352290451526642,0.8343455195426941,0.13135464489459991,-0.011486135423183441,1.7911263704299927,0.1717158854007721,0.03737202286720276,0.8377653360366821,0.189456045627594,0.017183078452944756,0.8978942036628723,0.15532061457633972,-0.08924102038145065,1.3582086563110352,0.17234140634536743,-0.11515110731124878,1.334683895111084,0.1277201622724533,-0.14964593946933746,1.3711339235305786,0.1733117401599884,-0.08348607271909714,1.3025686740875244,0.16213656961917877,-0.08121025562286377,1.2812868356704712,0.1987677663564682,-0.1696019172668457,1.2308027744293213,0.19904538989067078,-0.12668099999427795,1.288097620010376,0.20616725087165833,-0.06573004275560379,1.239335298538208,0.21698753535747528,-0.030374601483345032,1.1640876531600952,0.24871990084648132,-0.03506908938288689,1.1805137395858765,0.24693730473518372,-0.0805380642414093,1.2172157764434814,0.24580064415931702,-0.14107593894004822,1.219758152961731,0.2652137279510498,-0.027835488319396973,1.1257270574569702,0.3253898322582245,-0.10566213726997375,1.1495836973190308,0.31788620352745056,-0.06851289421319962,1.1433398723602295,0.2941704988479614,-0.036593325436115265,1.123024344444275,0.3114820122718811,-0.1570572853088379,1.1131612062454224,0.31159889698028564,-0.09852346032857895,1.098827600479126,0.2981336712837219,-0.0720578283071518,1.0953227281570435,0.3834454119205475,-0.08725050091743469,0.967678427696228,0.3067769706249237,-0.12963742017745972,1.0875135660171509,0.3160068988800049,-0.13446500897407532,1.0549051761627197,0.338111937046051,-0.06697876751422882,1.0161900520324707,0.3102232813835144,-0.11009330302476883,1.0353373289108276,0.32358771562576294,-0.1417931467294693,1.0271556377410889,0.34252095222473145,-0.10979951918125153,1.000691533088684,0.3652972877025604,-0.10099589824676514,0.9954291582107544,0.3427635133266449,-0.15397077798843384,0.9891454577445984,0.355785608291626,-0.1251939833164215,0.9875908493995667,0.3470335006713867,-0.13963021337985992,0.994746208190918,0.3810887634754181,-0.08768612146377563,0.9451421499252319,0.3634713590145111,-0.14549992978572845,0.9746609926223755,0.3567526936531067,-0.08959135413169861,0.963310718536377,0.3812505304813385,-0.12078768014907837,0.9481966495513916,0.3923782706260681,-0.10462573170661926,0.9545325636863708,-0.3266732096672058,-0.0077865226194262505,1.0414063930511475,-0.3260834515094757,-0.07643680274486542,1.0170180797576904,-0.3057151436805725,-0.0550854355096817,1.022499680519104,-0.34231823682785034,-0.11724962294101715,1.0467679500579834,-0.25281214714050293,-0.011365842074155807,1.054027795791626,-0.30546432733535767,-0.11580178141593933,1.0386768579483032,-0.1843252331018448,-0.05237755924463272,1.2433090209960938,-0.19055521488189697,-0.11239407956600189,1.2038688659667969,-0.17513591051101685,-0.10675868391990662,0.9631623029708862,-0.18244430422782898,-0.020212674513459206,0.9314818382263184,-0.1334453821182251,0.04843732714653015,0.928071916103363,-0.16340938210487366,0.05665704980492592,1.2326762676239014,-0.16329888999462128,0.04921042174100876,1.165111780166626,-0.1733737736940384,0.07370073348283768,1.1260722875595093,-0.15912950038909912,-0.016352752223610878,0.9651399850845337,-0.2000080794095993,-0.016539189964532852,1.7727293968200684,-0.13863340020179749,-0.07046134769916534,1.3758186101913452,-0.15980565547943115,-0.050967685878276825,1.305733561515808,-0.10799045860767365,0.07474754005670547,1.0137619972229004,-0.15263500809669495,0.06661976128816605,0.9252505302429199,-0.19984926283359528,0.17585669457912445,0.15453670918941498,-0.20879815518856049,0.15920141339302063,0.1037844568490982,-0.17337417602539062,-0.02107233926653862,1.7548850774765015,-0.1585569977760315,-0.020624913275241852,1.6949734687805176,-0.13184669613838196,-0.18641012907028198,1.2426276206970215,-0.12924733757972717,-0.19918030500411987,1.2097718715667725,-0.13255290687084198,-0.22007620334625244,1.2004249095916748,-0.1441720575094223,0.02590254135429859,1.3763829469680786,-0.13252189755439758,0.018221266567707062,1.3710373640060425,-0.10874630510807037,-0.18663156032562256,1.2605741024017334,-0.13601456582546234,-0.09500507265329361,1.2214034795761108,-0.18402515351772308,0.10695488750934601,0.1900976300239563,-0.18330053985118866,0.12955133616924286,0.2284252941608429,-0.10172134637832642,0.04413439333438873,1.2237299680709839,-0.14018931984901428,-0.1093430370092392,1.4865896701812744,-0.14055059850215912,-0.1038619875907898,1.4602069854736328,-0.12628653645515442,-0.1039964109659195,1.4366334676742554,-0.1397676169872284,-0.09846615791320801,1.4353688955307007,-0.13842132687568665,-0.1156860738992691,1.4197508096694946,-0.1397491842508316,-0.11079534888267517,0.7780908942222595,-0.15405598282814026,-0.07250675559043884,0.7708282470703125,-0.11428780108690262,0.13889646530151367,1.0096150636672974,-0.10964886844158173,0.13973839581012726,1.06596839427948,-0.09988050162792206,-0.17852544784545898,1.2616403102874756,-0.13042303919792175,-0.10600181668996811,0.8565423488616943,-0.16914601624011993,0.22480303049087524,0.19426369667053223,-0.17031769454479218,0.24833914637565613,0.16022269427776337,-0.1429755687713623,-0.18789806962013245,0.8505949974060059,-0.11921172589063644,0.10872197896242142,1.1918201446533203,-0.13225962221622467,-0.15781044960021973,1.688394546508789,-0.12163238227367401,-0.04785104840993881,1.5704610347747803,-0.10943032801151276,0.04023544117808342,1.5182833671569824,-0.09739504009485245,0.012122616171836853,1.5856881141662598,-0.11940977722406387,0.0032046064734458923,1.5606224536895752,-0.11744221299886703,0.010669037699699402,1.4668899774551392,-0.0636536180973053,0.08200430124998093,1.5472526550292969,-0.10409888625144958,-0.09427674114704132,1.5247657299041748,-0.09449417889118195,0.04218479245901108,0.9819894433021545,-0.12464834749698639,0.005949437618255615,1.8582689762115479,-0.13838163018226624,-0.007187075912952423,1.8558545112609863,-0.13615134358406067,-0.017687130719423294,1.8437601327896118,-0.023918284103274345,0.00812966376543045,1.443985939025879,-0.10577348619699478,0.050728850066661835,1.4186420440673828,-0.10437707602977753,0.20813609659671783,0.0999840795993805,-0.0640837550163269,0.09716774523258209,1.3379275798797607,-0.09132705628871918,-0.16434255242347717,1.5944864749908447,-0.11439733952283859,-0.0014168508350849152,0.39447832107543945,-0.05962793156504631,0.009483564645051956,1.5196104049682617,-0.0714229941368103,-0.04237327352166176,1.517523169517517,-0.04882235825061798,0.074868343770504,1.458850622177124,-0.04036666452884674,0.05431954562664032,0.8604967594146729,-0.11497508734464645,0.07703742384910583,0.38145720958709717,-0.06669475883245468,0.10163754224777222,0.9100592136383057,-0.03929745405912399,0.03638012707233429,1.046791911125183,-0.07749864459037781,-0.20285144448280334,1.2558979988098145,-0.07630731165409088,-0.17991679906845093,1.1595584154129028,-0.10300079733133316,0.06428445875644684,0.3470471501350403,-0.08360479772090912,0.07921094447374344,0.2848748564720154,-0.11079025268554688,0.12307298183441162,0.30929312109947205,-0.05962775647640228,-0.006039246916770935,1.547236442565918,-0.05736083909869194,-0.12026132643222809,0.6730788946151733,-0.08235645294189453,-0.04484352841973305,0.6439178586006165,-0.04802147299051285,0.15873199701309204,1.0482256412506104,-0.05490977317094803,0.14396297931671143,0.9539951086044312,-0.02470644935965538,-0.21554706990718842,1.180387020111084,-0.09621606767177582,0.17039325833320618,0.17544326186180115,-0.05110427364706993,0.08610708266496658,0.9571694135665894,-0.049401599913835526,0.06364143639802933,1.006054401397705,0.011581052094697952,-0.0013743489980697632,1.529140830039978,-0.05986596643924713,-0.16655033826828003,1.4067249298095703,-0.00401329854503274,0.11402378976345062,1.3073105812072754,0.029075389727950096,0.005810191854834557,1.430145025253296,0.007707303389906883,-0.011194407939910889,1.5383950471878052,0.01280286069959402,0.09262287616729736,0.9645745158195496,0.024132316932082176,0.07751458883285522,0.9157539010047913,0.003904556855559349,-0.18152600526809692,1.3990662097930908,0.010136783123016357,0.03917849063873291,1.041450023651123,-0.00042009749449789524,-0.2149461805820465,1.116144061088562,0.07818188518285751,0.09767970442771912,1.3330591917037964,0.031818781048059464,-0.050656527280807495,1.3235632181167603,0.06563472002744675,0.06966163218021393,1.465876817703247,0.035641007125377655,0.01374497264623642,1.4768370389938354,0.045696668326854706,-0.04521308094263077,1.2309786081314087,0.042137131094932556,0.1006547287106514,0.9169700145721436,0.027154793962836266,-0.039356980472803116,1.7997759580612183,0.094861701130867,-0.3730138838291168,0.1298380196094513,0.10470914840698242,-0.396606981754303,0.09360381215810776,0.08808127045631409,-0.28557300567626953,0.13087986409664154,0.004316803067922592,-0.18691518902778625,1.6984517574310303,0.0555582195520401,-0.15204064548015594,0.7169700264930725,0.103284552693367,0.008862458169460297,1.4458004236221313,0.0626107007265091,-0.11520718038082123,1.5330138206481934,0.10204672068357468,-0.124448761343956,1.4598931074142456,0.05450769513845444,-0.07858994603157043,1.43452787399292,0.08827543258666992,-0.24479332566261292,0.4344242215156555,0.09744402021169662,-0.3638099133968353,0.3004412055015564,0.11977391690015793,-0.2652442753314972,0.2574050724506378,0.08862458914518356,0.09553521871566772,0.9691773056983948,0.07074159383773804,0.12148051708936691,0.924798846244812,0.08201751112937927,-0.20804159343242645,0.7911367416381836,0.09448739141225815,-0.18085530400276184,0.6696969866752625,0.03255324438214302,-0.0915660709142685,1.7957074642181396,0.07633102685213089,-0.10459190607070923,1.7501819133758545,0.09010110795497894,-0.3014589548110962,0.6177713871002197,0.046867646276950836,-0.02646160125732422,1.8075838088989258,0.07339664548635483,-0.04858091473579407,1.7604371309280396,0.09002562612295151,-0.09666398167610168,1.1512134075164795,0.09201940894126892,-0.08141590654850006,1.1214834451675415,0.08825355023145676,-0.15850278735160828,1.1005021333694458,0.06401152908802032,-0.1596323847770691,1.690768837928772,0.07460156083106995,-0.10026378929615021,1.5640864372253418,0.07028089463710785,-0.14523983001708984,1.5733174085617065,0.1339215189218521,0.07881919294595718,0.9249340891838074,0.09856259822845459,-0.15578672289848328,1.3037919998168945,0.10928355157375336,-0.21623007953166962,1.2480382919311523,0.10367882251739502,-0.13086801767349243,1.2548247575759888,0.16966238617897034,-0.26941680908203125,0.19601954519748688,0.14475923776626587,-0.3678106665611267,0.21555115282535553,0.1648780107498169,-0.36316993832588196,0.19638125598430634,0.09091940522193909,-0.020753666758537292,1.7782641649246216,0.11005996912717819,-0.17761969566345215,1.2981388568878174,0.16225051879882812,-0.2468661516904831,0.47548893094062805,0.13344520330429077,-0.28801965713500977,0.5450001955032349,0.16824975609779358,-0.27339333295822144,0.4233320355415344,0.11841797828674316,-0.14549458026885986,1.4496039152145386,0.10253206640481949,-0.1381235122680664,1.4450701475143433,0.12739723920822144,-0.11138565093278885,1.4111024141311646,0.12251577526330948,0.07243804633617401,0.9044784903526306,0.11986252665519714,-0.10952645540237427,0.8593794703483582,0.19006870687007904,-0.29109448194503784,0.29536542296409607,0.19454990327358246,-0.32267600297927856,0.30718111991882324,0.1381523311138153,-0.09948039799928665,1.407734751701355,0.16587691009044647,0.042264990508556366,1.2466636896133423,0.1676553189754486,0.07149254530668259,1.2130800485610962,0.11940912902355194,-0.2670300602912903,1.1290037631988525,0.1632445603609085,-0.04555429145693779,0.9786578416824341,0.1654399037361145,-0.10096334666013718,0.9735301733016968,0.1684989482164383,-0.057148147374391556,1.2301418781280518,0.2387690395116806,-0.12215645611286163,1.093489646911621,0.23512934148311615,-0.07067840546369553,1.0923614501953125,0.26420921087265015,-0.175866961479187,1.1417384147644043,-0.30593451857566833,-0.015793418511748314,1.0167683362960815,-0.3292084038257599,-0.07858961820602417,0.9782854914665222,-0.24912595748901367,-0.11797453463077545,1.1064021587371826,-0.2679494619369507,-0.14124514162540436,1.1536312103271484,-0.20913507044315338,-0.08236470073461533,1.1341317892074585,-0.19834521412849426,-0.03931248188018799,1.1688835620880127,-0.19608531892299652,-0.15461048483848572,0.8679587244987488,-0.18347163498401642,0.07022194564342499,0.970858097076416,-0.1758832037448883,0.06487715244293213,1.087051272392273,-0.13464194536209106,-0.2663722634315491,1.0903217792510986,-0.1366432160139084,-0.17055535316467285,0.9623059034347534,-0.20186832547187805,0.0729895681142807,0.2979058027267456,-0.183020681142807,0.02351914905011654,0.28524404764175415,-0.1420482099056244,0.011513443663716316,0.5219313502311707,-0.1542777717113495,-0.19496816396713257,0.8560711145401001,-0.14084194600582123,-0.07710153609514236,0.6164653301239014,-0.1346285045146942,-0.11419837921857834,0.6734604835510254,-0.12717244029045105,-0.045759156346321106,0.6825867891311646,-0.1123669296503067,-0.025402408093214035,1.1155544519424438,-0.10753469169139862,-0.09442006796598434,1.1386795043945312,-0.08374322950839996,0.1368740051984787,1.1472632884979248,-0.11754857003688812,-0.013999205082654953,0.852207601070404,-0.14070314168930054,0.003920342773199081,0.29089540243148804,-0.11203525960445404,-0.052595943212509155,1.2263602018356323,-0.09833361208438873,-0.05344812572002411,1.149962067604065,-0.13471147418022156,-0.04380323365330696,0.42754441499710083,-0.1291836053133011,-0.031198184937238693,1.7769179344177246,-0.12965825200080872,-0.0704311951994896,1.7747523784637451,-0.08148843050003052,-0.10555209219455719,1.7918126583099365,-0.09657596796751022,-0.15320226550102234,1.7559441328048706,-0.11534319818019867,-0.16115492582321167,1.6493940353393555,-0.11704634875059128,0.026366129517555237,0.34349846839904785,-0.061311617493629456,-0.12091563642024994,0.7299702167510986,-0.0897674560546875,0.050331663340330124,0.27501824498176575,-0.11107157170772552,0.023848239332437515,0.26446589827537537,-0.11297363042831421,0.13537749648094177,0.2677900791168213,-0.056884005665779114,0.06592032313346863,0.9750206470489502,-0.0777897834777832,-0.008361674845218658,1.8228161334991455,-0.09296634793281555,-0.02368154004216194,1.8099682331085205,0.021955931559205055,0.06733584403991699,1.1385234594345093,-0.0808832123875618,0.06363968551158905,1.1436240673065186,0.003504369407892227,0.0527602843940258,1.2055537700653076,0.015159407630562782,-0.06178545579314232,1.2700507640838623,0.005518246442079544,0.1440400332212448,1.1799726486206055,0.0001910931896418333,0.0726419985294342,1.00791597366333,0.0678425207734108,0.1589118391275406,1.082035779953003,0.022558704018592834,0.08645633608102798,1.6690819263458252,0.04191511496901512,0.06745091080665588,1.01513671875,0.04633554443717003,-0.21197360754013062,0.9149824976921082,0.06853346526622772,-0.321935772895813,0.3096136748790741,0.08839917927980423,-0.33409619331359863,0.2551683187484741,0.04249202460050583,-0.21694743633270264,0.7434894442558289,0.03549295663833618,0.012994088232517242,1.0769741535186768,0.0677349716424942,-0.21868756413459778,0.603786826133728,0.09093515574932098,0.04235473647713661,1.2832658290863037,0.07781048119068146,-0.16542166471481323,1.424504280090332,0.057462599128484726,0.06687527894973755,1.6343257427215576,0.0570593886077404,-0.010398272424936295,1.6244454383850098,0.062361132353544235,0.002590794116258621,1.5899391174316406,0.0455344021320343,-0.011570781469345093,1.8574033975601196,0.07971443235874176,-0.17205649614334106,1.3480323553085327,0.13296805322170258,-0.21182873845100403,0.5338612198829651,0.10046719014644623,-0.1974477767944336,0.5259597301483154,0.13037927448749542,-0.23675113916397095,0.38188809156417847,0.1534852683544159,-0.248245969414711,0.3553493022918701,0.10106837749481201,-0.09313827753067017,1.554175615310669,0.08894875645637512,-0.10373400151729584,1.5665589570999146,0.10195368528366089,-0.10133741796016693,1.5476242303848267,0.12525999546051025,-0.12015336751937866,0.7563438415527344,0.1249779462814331,-0.23310816287994385,0.6754728555679321,0.12516139447689056,0.037327565252780914,0.9486380219459534,0.12185503542423248,-0.07005798816680908,1.093265175819397,0.11953985691070557,-0.12598925828933716,1.0832973718643188,0.1257418841123581,-0.1415272057056427,1.025376319885254,0.10103648155927658,-0.03648456186056137,1.6731452941894531,0.11342667788267136,-0.05636484920978546,1.5842708349227905,0.1017531156539917,-0.2000298798084259,1.2324753999710083,0.12293882668018341,0.014951784163713455,1.558052659034729,0.11401444673538208,-0.007027663290500641,1.6025707721710205,0.19476735591888428,-0.28288978338241577,0.10517306625843048,0.20385363698005676,-0.35007044672966003,0.10359779745340347,0.137067049741745,-0.007218100130558014,1.522316575050354,0.14277052879333496,0.005453058518469334,1.4866037368774414,0.1520666480064392,-0.0006215982139110565,1.4393255710601807,0.15325534343719482,0.015101533383131027,1.4195421934127808,0.11128776520490646,-0.2748779356479645,1.1467342376708984,0.17100466787815094,-0.14294403791427612,0.8710548281669617,0.13350391387939453,-0.24843242764472961,1.1653964519500732,0.12806923687458038,-0.2738928496837616,1.147199273109436,0.2026691883802414,-0.09841769188642502,0.8764597773551941,0.20313088595867157,-0.08512899279594421,0.8534643650054932,0.21452057361602783,-0.050211720168590546,0.8518722057342529,-0.22514605522155762,-0.13899216055870056,1.1745057106018066,-0.1613282859325409,-0.15921711921691895,1.2602547407150269,-0.1701277196407318,-0.15489116311073303,1.241849660873413,-0.16034676134586334,-0.14706435799598694,1.2524008750915527,-0.15571895241737366,-0.14782953262329102,1.2690541744232178,-0.20292429625988007,0.004532620310783386,0.863432765007019,-0.1293249875307083,-0.11117161810398102,1.301573395729065,-0.14881572127342224,-0.07566540688276291,1.088719367980957,-0.14556194841861725,0.03309108316898346,1.562089443206787,-0.13253498077392578,-0.11987463384866714,1.2063782215118408,-0.13896329700946808,-0.1033131331205368,1.1571052074432373,-0.12459588795900345,0.023352930322289467,1.4511445760726929,-0.1192086711525917,0.01774686574935913,1.3979647159576416,-0.12542596459388733,-0.15451878309249878,1.0512444972991943,-0.08999713510274887,-0.17811711132526398,1.0084964036941528,-0.1323172003030777,-0.02702767215669155,0.7725852727890015,-0.07457437366247177,0.11756595224142075,1.2304164171218872,-0.08636637032032013,0.08577186614274979,1.6445541381835938,-0.09344473481178284,0.238967627286911,0.15089303255081177,-0.10605613887310028,0.25320759415626526,0.1528085172176361,-0.08801565319299698,0.028085587546229362,0.8699206709861755,-0.009040618315339088,0.09919121861457825,0.8528956174850464,-0.0685170590877533,-0.015248222276568413,0.8459916114807129,0.010654549114406109,0.02750416472554207,1.3171517848968506,-0.03659462928771973,-0.07708698511123657,0.760762095451355,-0.03789354860782623,-0.18172022700309753,1.6722999811172485,-0.012554086744785309,0.020147131755948067,0.871942400932312,-0.006942803971469402,-0.02009763941168785,0.8514451384544373,0.012370934709906578,-0.11119266599416733,0.8606217503547668,-0.0793396532535553,-0.16720257699489594,0.8610960245132446,-0.0017235316336154938,-0.2228185385465622,0.8576141595840454,0.021640097722411156,-0.11133682727813721,0.8410336971282959,-0.0031795331742614508,-0.15899619460105896,0.8677841424942017,0.004886304959654808,-0.03569965809583664,1.5166128873825073,0.024112757295370102,-0.035799022763967514,0.8411971926689148,0.024971066042780876,-0.06166508048772812,0.8133200407028198,0.015425704419612885,-0.012849442660808563,1.593518853187561,0.019867360591888428,-0.011180104687809944,1.564645528793335,0.03217186778783798,-0.11936549842357635,0.8537279367446899,0.13054896891117096,0.05586566776037216,0.8284212946891785,0.07631848752498627,-0.29186803102493286,0.30376067757606506,0.049030255526304245,-0.06048286333680153,0.7915464043617249,0.07140906155109406,0.07133623957633972,1.1701654195785522,0.10148173570632935,-0.29982462525367737,0.43500280380249023,0.09975644201040268,-0.29195505380630493,0.36776459217071533,0.11202587187290192,-0.3124723434448242,0.39002525806427,0.10624971240758896,-0.36491504311561584,0.3449062705039978,0.10567079484462738,0.02078992873430252,1.5260263681411743,0.07700066268444061,-0.019509878009557724,0.8316657543182373,0.10527044534683228,-0.05804542824625969,0.8043768405914307,0.10268392413854599,-0.10059341788291931,1.2597475051879883,0.1283200979232788,-0.30351632833480835,0.4890577495098114,0.09714782238006592,0.015511590987443924,1.6359355449676514,0.08901038765907288,-0.0729527622461319,1.3223086595535278,0.14249557256698608,-0.3147842288017273,0.39286908507347107,0.09069749712944031,0.1392124593257904,1.1528716087341309,0.10521666705608368,-0.06760462373495102,1.2375514507293701,0.1625206619501114,-0.26918262243270874,0.25943219661712646,0.13035567104816437,0.136371910572052,1.0586411952972412,0.14750556647777557,-0.2574310004711151,0.28919556736946106,0.1486961543560028,-0.37895122170448303,0.31642472743988037,0.14470387995243073,0.031802088022232056,1.3056535720825195,0.11168119311332703,-0.13266979157924652,1.4935643672943115,0.123629130423069,-0.12098230421543121,1.4597519636154175,0.11025288701057434,-0.1314353048801422,1.4919829368591309,0.13893337547779083,-0.10401153564453125,1.4447118043899536,0.12366221100091934,-0.22470271587371826,1.215089201927185,0.10873465240001678,-0.23501549661159515,1.2046844959259033,0.16185355186462402,0.05523915961384773,1.1952663660049438,0.17545144259929657,0.0890795961022377,1.1189029216766357,0.1670609414577484,0.07990093529224396,1.0821751356124878,0.14861415326595306,-0.09833099693059921,1.2745226621627808,0.13441923260688782,-0.14458227157592773,1.27140212059021,0.15720944106578827,-0.16361472010612488,0.8856042623519897,0.14607764780521393,-0.16512075066566467,1.274583339691162,0.18351227045059204,-0.16465145349502563,1.1678005456924438,0.16932658851146698,-0.08189886063337326,1.1761507987976074,0.18175151944160461,-0.13038162887096405,1.145552158355713,0.2646896243095398,-0.16168485581874847,1.1834205389022827,0.2790197730064392,-0.08407226949930191,1.0694403648376465,0.2821071743965149,-0.15996679663658142,1.0988802909851074,-0.14003488421440125,-0.26130908727645874,1.1336396932601929,-0.1436433345079422,-0.19901975989341736,1.197112798690796,-0.15137168765068054,-0.18968752026557922,1.218194842338562,-0.12835447490215302,-0.24605776369571686,1.137718915939331,-0.14081907272338867,0.02637474797666073,1.484094262123108,-0.1485617756843567,0.01298590749502182,1.4668796062469482,-0.1550554782152176,0.030678320676088333,1.4181387424468994,-0.15484245121479034,-0.04238124191761017,1.7381118535995483,-0.15382549166679382,-0.09103196859359741,1.6565145254135132,-0.173147052526474,0.029742367565631866,0.34274619817733765,-0.13619364798069,-0.06437590718269348,0.8484410047531128,-0.13538354635238647,-0.08922463655471802,0.8277819752693176,-0.17166410386562347,0.08686302602291107,0.9410837888717651,-0.09103609621524811,-0.1695990264415741,1.2552450895309448,-0.12215577811002731,-0.025478854775428772,0.8232629299163818,-0.09875769913196564,-0.045127786695957184,1.7929869890213013,-0.08881262689828873,-0.14080385863780975,1.1393846273422241,-0.050302524119615555,-0.2030642032623291,1.1310350894927979,-0.09072388708591461,0.07574616372585297,1.0577771663665771,-0.0037338065449148417,0.07597914338111877,1.0521939992904663,-0.07563762366771698,-0.03570866957306862,1.1676058769226074,-0.05648471415042877,-0.10974346101284027,0.8509697318077087,-0.04316626116633415,-0.2003486007452011,1.0678436756134033,-0.057877395302057266,0.013811776414513588,1.0685038566589355,-0.029320068657398224,-0.1538698673248291,1.7712253332138062,0.017351364716887474,-0.1457308977842331,0.7846869230270386,-0.052536606788635254,0.034320004284381866,1.2839361429214478,0.10350446403026581,-0.34070271253585815,0.05808132141828537,0.1046699583530426,0.14616070687770844,0.9878101348876953,0.07825368642807007,0.0839654803276062,1.0717600584030151,0.04009445011615753,0.15968704223632812,0.9992614984512329,0.09815569221973419,0.08781079947948456,0.841395914554596,0.17104168236255646,-0.23569422960281372,0.09175705909729004,0.11889009177684784,-0.042381078004837036,0.8307772874832153,0.1328892707824707,-0.30444273352622986,0.4432539641857147,0.12173906713724136,-0.1558620184659958,1.4060494899749756,0.1193329393863678,-0.16080453991889954,1.3163464069366455,0.20176224410533905,-0.0022081267088651657,0.8349679708480835,0.20556004345417023,-0.03022429347038269,0.9051729440689087,0.2858148217201233,-0.12514686584472656,1.0734024047851562,-0.2818695902824402,-0.14020796120166779,1.1129004955291748,-0.19872920215129852,-0.08972092717885971,0.926780104637146,-0.21903803944587708,-0.07268371433019638,0.8679385185241699,-0.15610544383525848,0.010253965854644775,1.4165385961532593,-0.15778698027133942,0.033934086561203,1.2399163246154785,-0.14271682500839233,-0.05400067940354347,1.5599539279937744,-0.1416226625442505,-0.06900408118963242,1.0552736520767212,-0.14357462525367737,-0.09808112680912018,1.0948505401611328,-0.14169609546661377,-0.04834931343793869,1.5607826709747314,-0.1394301950931549,-0.06589733064174652,1.5481212139129639,-0.13781094551086426,-0.05935197323560715,1.5551469326019287,-0.1399259865283966,-0.05855569615960121,1.5605055093765259,-0.1440034806728363,-0.0755140483379364,1.5506511926651,-0.15861302614212036,0.0877094566822052,0.17618805170059204,-0.14708025753498077,-0.11933368444442749,1.7215189933776855,-0.03876664489507675,-0.039003875106573105,1.2247806787490845,-0.10143116116523743,0.15827548503875732,0.09508568793535233,-0.047906506806612015,-0.057296980172395706,1.2660752534866333,-0.01109209842979908,-0.03677668794989586,1.178419589996338,-0.04366058111190796,0.09452128410339355,0.935967206954956,-0.030605586245656013,-0.04790381342172623,1.813178300857544,-0.046754851937294006,-0.07658343017101288,0.6942434310913086,-0.02837309241294861,0.03922143578529358,1.243096947669983,0.016580143943428993,-0.19761726260185242,1.0152802467346191,-0.022923411801457405,-0.2220098078250885,1.2221678495407104,0.012800444848835468,0.06473404914140701,1.1037821769714355,0.0945872813463211,-0.2892083525657654,0.24458009004592896,0.07656567543745041,-0.17328669130802155,0.9959797859191895,0.11998455971479416,-0.15871495008468628,0.9718608260154724,0.07779771834611893,0.0010469034314155579,1.554504632949829,0.07941973209381104,-0.1804322600364685,1.1764302253723145,0.0385429747402668,-0.041751351207494736,1.17577064037323,0.09628642350435257,-0.024981966242194176,1.0873744487762451,0.07903315126895905,0.067377008497715,0.9530059099197388,0.17371496558189392,-0.41256242990493774,0.041371285915374756,0.14971745014190674,-0.39609456062316895,0.03022722527384758,0.20279408991336823,-0.38599830865859985,0.044689830392599106,0.1723260134458542,-0.36828312277793884,0.2881799638271332,0.10928438603878021,-0.1297786831855774,1.489339828491211,0.11029178649187088,-0.1301169991493225,1.4891486167907715,0.09905719757080078,-0.11948154866695404,1.335854172706604,0.11815495043992996,-0.14710579812526703,1.3084864616394043,0.1725296974182129,0.10590814054012299,1.0005069971084595,0.1673242747783661,0.07722325623035431,0.9529358148574829,0.17811165750026703,0.0861651599407196,0.9492731690406799,0.2853944003582001,-0.06946451961994171,1.0753607749938965,0.3005337119102478,-0.13605256378650665,1.0462881326675415,0.32605448365211487,-0.15577656030654907,1.0311517715454102,-0.25737449526786804,-0.05674697831273079,1.0448358058929443,-0.15273503959178925,-0.23000982403755188,1.1784772872924805,-0.14660993218421936,0.009789884090423584,0.365865558385849,-0.1271253377199173,0.0716279149055481,0.9132762551307678,-0.09892655909061432,-0.15495777130126953,1.08772873878479,-0.038614172488451004,-0.03736075013875961,0.846238911151886,-0.05872880294919014,-0.0245073102414608,0.8089126348495483,-0.050227243453264236,-0.07810162007808685,0.8095541596412659,-0.009272382594645023,0.008316271007061005,1.1140421628952026,0.028612550348043442,-0.20456884801387787,0.850059986114502,0.0974312573671341,0.017583180218935013,0.8464940786361694,0.09494558721780777,0.08428732305765152,1.0309970378875732,0.10397538542747498,-0.03359819948673248,1.5809060335159302,0.11425701528787613,-0.013429585844278336,1.5531315803527832,0.18994355201721191,-0.09268401563167572,0.9216330647468567,-0.15597406029701233,-0.23466756939888,1.1433358192443848,-0.14965590834617615,0.0031866319477558136,1.5847874879837036,-0.09154211729764938,0.08845148980617523,0.9629147052764893,-0.12786978483200073,0.040077365934848785,1.610461711883545,-0.09764423966407776,-0.00031176209449768066,1.606317400932312,-0.06233137845993042,-0.008372485637664795,1.585349678993225,0.04569036141037941,-0.19954542815685272,1.0703728199005127,0.06378557533025742,-0.18215331435203552,1.2633041143417358,0.11001735925674438,-0.3644976019859314,0.20919141173362732,0.10655590891838074,-0.1509760618209839,1.2255198955535889,0.11510741710662842,-0.12496285885572433,1.174446702003479,0.1345638781785965,0.01860925182700157,1.4409809112548828,0.11482906341552734,0.048752930015325546,1.436970829963684,0.11805567145347595,-0.07723197340965271,1.187182903289795,0.11895589530467987,-0.08667851984500885,0.8330875635147095,0.08950664848089218,-0.21978184580802917,1.2320464849472046,0.14649155735969543,0.05008251592516899,1.325661301612854,-0.1409880369901657,0.037994056940078735,1.3359326124191284,-0.13331522047519684,0.0721399337053299,0.4097842574119568,0.03358020260930061,-0.17489299178123474,0.7515878081321716,0.02947232313454151,-0.15606608986854553,1.7509517669677734,-0.18053056299686432,0.0862264335155487,1.0198818445205688,-0.14814504981040955,-0.15011456608772278,1.2733070850372314,-0.0959048643708229,0.02011702209711075,0.4208921194076538,0.00896415300667286,0.08114087581634521,1.4587781429290771,0.1228901743888855,-0.39661189913749695,0.044341593980789185,0.1052992194890976,-0.10046043992042542,1.5495562553405762,0.10317167639732361,-0.09935364127159119,1.5452712774276733,0.10897129774093628,-0.12380829453468323,1.4437841176986694,0.1672917604446411,-0.35608452558517456,0.25362128019332886,0.18042607605457306,-0.31663191318511963,0.23760470747947693,0.177210733294487,-0.17884203791618347,1.213498592376709,-0.17328819632530212,-0.16501536965370178,0.9310625791549683,-0.14667943120002747,0.023708760738372803,1.3748459815979004,-0.14616556465625763,0.021214768290519714,1.3751217126846313,-0.1510646641254425,0.018831156194210052,1.3756991624832153,-0.09809806942939758,0.10514112561941147,0.23491907119750977,-0.03744780644774437,-0.09160269796848297,0.8481245040893555,0.08723404258489609,-0.32694393396377563,0.20240800082683563,0.22423669695854187,-0.1829652190208435,1.1694074869155884,0.08996078372001648,-0.10764297842979431,1.6970348358154297,0.13308760523796082,-0.138619527220726,0.8058681488037109,0.1508033275604248,0.013189215213060379,1.395063877105713,0.15109235048294067,0.030321482568979263,1.3480215072631836,0.10462234169244766,-0.2602933645248413,0.07264795899391174,0.3129987418651581,-0.5413861274719238,0.965675413608551,0.2990924119949341,-0.504204511642456,0.9510141611099243,0.30433347821235657,-0.5142026543617249,0.9501546025276184,0.29333189129829407,-0.5162180662155151,0.956957221031189,0.30631354451179504,-0.5383751392364502,0.9529433846473694,0.31156378984451294,-0.5328655242919922,0.9699819087982178,0.30876803398132324,-0.36699479818344116,0.9872549772262573,0.2947903573513031,-0.37306857109069824,0.9779195785522461,0.3107103109359741,-0.39446333050727844,0.981770396232605,0.3044198155403137,-0.40562117099761963,0.9810148477554321,0.28750231862068176,-0.18146337568759918,0.9627910256385803,0.28739362955093384,-0.20207172632217407,0.9751834273338318,0.2862912714481354,-0.19220170378684998,0.9504804611206055,0.2958066463470459,-0.379641592502594,0.9399893879890442,0.29662391543388367,-0.4000183045864105,0.9511640071868896,0.3154921531677246,-0.438015341758728,0.9968130588531494,0.31323865056037903,-0.42059946060180664,0.9871518015861511,0.28297603130340576,-0.22906926274299622,0.9221059679985046,0.28667688369750977,-0.24251729249954224,0.9454807043075562,0.3115791082382202,-0.2922159433364868,0.9973034262657166,0.3013608753681183,-0.28543931245803833,0.9941822290420532,0.32083946466445923,-0.5122302770614624,0.9852291345596313,0.3083144426345825,-0.48804971575737,0.9434804916381836,0.29301774501800537,-0.19052305817604065,0.9407183527946472,0.2889573574066162,-0.19531673192977905,0.9358689785003662,0.31270065903663635,0.005166143178939819,1.0781965255737305,0.31139057874679565,-0.01027180626988411,1.0731264352798462,0.30501416325569153,0.00967351347208023,1.0579761266708374,0.31228604912757874,-0.4621565043926239,0.9823896884918213,0.3144848942756653,-0.48933741450309753,0.9810450077056885,0.29424792528152466,-0.19233950972557068,0.9328463077545166,0.29010653495788574,-0.18727311491966248,0.9230701923370361,0.30720457434654236,-0.552348256111145,0.9101232886314392,0.30786842107772827,-0.5715265870094299,0.91374272108078,0.3135353624820709,0.01845093071460724,1.0747467279434204,0.3167470097541809,0.0042346566915512085,1.0829551219940186,0.3073601722717285,0.02109852433204651,1.0702592134475708,0.3091585338115692,0.013938754796981812,1.0572237968444824,0.3221621513366699,-0.6113342046737671,0.9574418067932129,0.3320044279098511,-0.6360525488853455,0.9633093476295471,0.3236393928527832,-0.6347678899765015,0.9457165002822876,0.295567125082016,-0.3108256161212921,0.9317527413368225,0.30116862058639526,-0.33128517866134644,0.9257161617279053,0.29618561267852783,-0.3551812469959259,0.9184653162956238,0.3038077652454376,-0.3500460982322693,0.9114264845848083,0.32006773352622986,-0.0018573179841041565,1.0878106355667114,0.3122905194759369,0.024126268923282623,1.0672810077667236,0.33044546842575073,-0.4585583508014679,0.998559832572937,0.33375462889671326,-0.45936059951782227,0.9991210699081421,0.32545948028564453,-0.4764366149902344,0.993642270565033,0.33471810817718506,-0.4941680133342743,0.9951899647712708,0.29890161752700806,-0.26456403732299805,0.9295914769172668,0.29700005054473877,-0.2819122076034546,0.9210408329963684,0.29481321573257446,-0.2863556742668152,0.9259092807769775,0.3164651691913605,0.023532845079898834,1.0703959465026855,0.3238929808139801,-0.004863016307353973,1.083733081817627,0.31683477759361267,0.007855214178562164,1.0580930709838867,0.28318458795547485,-0.1505867838859558,0.9024620056152344,0.2836233079433441,-0.1569831669330597,0.8922672271728516,0.2905460000038147,-0.1739974319934845,0.9134909510612488,0.2878246307373047,-0.16573336720466614,0.905271589756012,0.2830934524536133,-0.16271357238292694,0.9039183855056763,0.3083372116088867,-0.37572163343429565,0.9019531607627869,0.2995601296424866,-0.35573136806488037,0.9029257297515869,0.2994098365306854,-0.36178168654441833,0.8906042575836182,0.30089807510375977,-0.36754512786865234,0.8899276852607727,0.3193993866443634,0.0030489638447761536,1.0648459196090698,0.33701059222221375,-0.6419880390167236,0.9679981470108032,0.3293097913265228,-0.6367068290710449,0.9492954611778259,0.33897534012794495,-0.6520136594772339,0.9619187116622925,0.33079811930656433,-0.6569454669952393,0.9641279578208923,0.3267252445220947,-0.6283998489379883,0.9379352331161499,0.3156011402606964,-0.17859041690826416,0.953402042388916,0.3027147352695465,-0.1885620802640915,0.9378597140312195,0.31671562790870667,-0.5296851396560669,0.9040367007255554,0.3114173114299774,-0.5574551224708557,0.9091360569000244,0.3220483064651489,-0.5851467251777649,0.9159032702445984,0.3255712389945984,-0.2809937000274658,1.0004030466079712,0.324611634016037,-0.30063116550445557,0.9949828386306763,0.33059942722320557,-0.30894553661346436,0.9881238341331482,0.33426281809806824,-0.4511159062385559,1.0033557415008545,0.33483967185020447,-0.4592231512069702,0.993465006351471,0.33874616026878357,-0.5164735317230225,0.9879893064498901,0.32871532440185547,-0.4187910556793213,0.9957026839256287,0.3236568868160248,-0.5069332122802734,0.9291876554489136,0.32311761379241943,-0.5412230491638184,0.9194644689559937,0.3295755088329315,-0.27727919816970825,0.9936667084693909,0.33436354994773865,-0.4269011616706848,0.9729026556015015,0.3381578326225281,-0.4069238603115082,0.9707414507865906,0.33718445897102356,-0.44701042771339417,0.9742846488952637,0.3302105665206909,-0.599160373210907,0.9465315937995911,0.33602163195610046,-0.5853189826011658,0.938249409198761,0.3167654275894165,-0.4053564667701721,0.9254947900772095,0.32973814010620117,-0.41150593757629395,0.9400166869163513,0.3233100473880768,-0.42879897356033325,0.9381262063980103,0.33127260208129883,-0.4322722256183624,0.9485979080200195,0.3336925208568573,-0.35243627429008484,0.9786154627799988,0.3279157876968384,-0.39170730113983154,0.9736980199813843,0.3349597156047821,-0.5095406770706177,0.9677019119262695,0.34007370471954346,-0.5291135311126709,0.9591942429542542,0.33208832144737244,-0.535652756690979,0.9632852673530579,0.3322412371635437,-0.4941490888595581,0.9445902109146118,0.3323781192302704,-0.5015937685966492,0.9378844499588013,0.3234265446662903,-0.36505579948425293,0.9366934895515442,0.32386210560798645,-0.3807787299156189,0.9351912140846252,0.3179733157157898,-0.3494926691055298,0.9255641102790833,0.3194788098335266,-0.37237071990966797,0.9282428026199341,0.31986695528030396,-0.39356303215026855,0.935658872127533,0.32860296964645386,-0.3469867706298828,0.9525514245033264,0.33128491044044495,-0.3326895833015442,0.9611867666244507,0.31867653131484985,-0.312926709651947,0.937239408493042,0.32324329018592834,-0.32996225357055664,0.9489421844482422,0.33457159996032715,-0.5137872695922852,0.9408103227615356,0.33895206451416016,-0.5331763029098511,0.942394495010376,0.3338761627674103,-0.5225162506103516,0.9402410387992859,0.34972119331359863,-0.5251619219779968,0.9417723417282104,0.32600411772727966,-0.19810104370117188,0.9614630937576294,0.29477834701538086,-0.48788100481033325,0.9703056812286377,0.2908666133880615,-0.5003610253334045,0.9586498737335205,0.29881903529167175,-0.4152325689792633,0.9728723168373108,0.29591116309165955,-0.41419434547424316,0.9685917496681213,0.29356148838996887,-0.43463242053985596,0.9762721061706543,0.2919074296951294,-0.4223417639732361,0.9647600650787354,0.2948908805847168,-0.4374293088912964,0.9707804918289185,0.29776424169540405,-0.3737178444862366,0.9578156471252441,0.2962229251861572,-0.38740241527557373,0.955740749835968,0.2959194481372833,-0.353829562664032,0.9622430801391602,0.3007783591747284,-0.4346352219581604,0.9777998328208923,0.3060310184955597,-0.5103399157524109,0.924751877784729,0.30497485399246216,-0.5335906744003296,0.949294924736023,0.29664039611816406,-0.4102308452129364,0.9453220367431641,0.3082379698753357,-0.5607295036315918,0.9536399245262146,0.30828118324279785,-0.5836964845657349,0.9450437426567078,0.3100762963294983,-0.5660415291786194,0.9435387253761292,0.3147888481616974,-0.6046798825263977,0.9531198740005493,0.2963342070579529,-0.1775704026222229,0.9819095730781555,0.3213655352592468,-0.24324215948581696,1.0364996194839478,0.3116317689418793,-0.24752934277057648,1.0263125896453857,0.32313400506973267,-0.2514467239379883,1.0309079885482788,0.2933754324913025,-0.26641619205474854,0.9408378601074219,0.30330532789230347,0.0032894015312194824,1.0461933612823486,0.31474319100379944,-0.022395335137844086,1.0815889835357666,0.3134940564632416,-0.037217166274785995,1.073486566543579,0.31034988164901733,-0.03249944746494293,1.067562460899353,0.3218029737472534,-0.37439072132110596,0.9890855550765991,0.32857421040534973,-0.531619668006897,0.9941312074661255,0.3177436292171478,-0.5995671153068542,0.9290907382965088,0.2994489371776581,-0.06721557676792145,1.0214619636535645,0.30638036131858826,-0.09450341761112213,1.0012962818145752,0.32240960001945496,-0.3504355251789093,1.0027337074279785,0.3162306249141693,-0.355772465467453,0.9933275580406189,0.31672316789627075,-0.4024050235748291,0.9858646988868713,0.3175796568393707,-0.6100684404373169,0.9288032054901123,0.33174747228622437,-0.6464698314666748,0.9704461693763733,0.33219555020332336,-0.6575040817260742,0.9717868566513062,0.3283676207065582,-0.6482980847358704,0.9543840885162354,0.30183425545692444,-0.14611975848674774,0.9891880750656128,0.30806902050971985,-0.1733596920967102,0.9816229343414307,0.3295084238052368,-0.4001721441745758,0.9849322438240051,0.2945781648159027,-0.17673125863075256,0.9586033225059509,0.3142457902431488,-0.5752134323120117,0.9159237146377563,0.33038824796676636,-0.20053762197494507,1.0614067316055298,0.3326508700847626,-0.20006754994392395,1.061450719833374,0.32856568694114685,-0.20826047658920288,1.045968770980835,0.3330059051513672,-0.2182191014289856,1.0518325567245483,0.337682843208313,-0.23265019059181213,1.0527303218841553,0.31329286098480225,-0.20205609500408173,1.0252302885055542,0.32689169049263,-0.20348826050758362,1.027461051940918,0.33353012800216675,-0.6574586629867554,0.9729317426681519,0.31448718905448914,-0.4208264946937561,0.9271496534347534,0.3128400444984436,-0.433698832988739,0.9300349354743958,0.30950984358787537,-0.44024625420570374,0.9302835464477539,0.3054368197917938,-0.3965472877025604,0.9169341325759888,0.3376624584197998,-0.21451044082641602,1.051973819732666,0.33644941449165344,-0.2316100001335144,1.0497409105300903,0.3004671335220337,-0.19276732206344604,0.9243418574333191,0.33541426062583923,-0.20740355551242828,1.053815484046936,0.3338814377784729,-0.21280628442764282,1.0423674583435059,0.3329854905605316,-0.440937876701355,0.9968000650405884,0.29457715153694153,-0.18995630741119385,0.896882951259613,0.29130491614341736,-0.18819168210029602,0.8934723138809204,0.28873470425605774,-0.19747024774551392,0.8769220113754272,0.2901325225830078,-0.21134865283966064,0.8806192874908447,0.3187047243118286,-0.17517699301242828,0.9778775572776794,0.33645403385162354,-0.2373599261045456,1.0324275493621826,0.3324846923351288,-0.45904088020324707,0.9769235253334045,0.33223119378089905,-0.482837975025177,0.9784026741981506,0.30266112089157104,-0.20448806881904602,0.9176130294799805,0.30754953622817993,-0.21560263633728027,0.9138383865356445,0.29448795318603516,-0.20649099349975586,0.9037952423095703,0.338055282831192,-0.4788675308227539,0.969630241394043,0.3397248685359955,-0.4561549425125122,0.9645015597343445,0.33180102705955505,-0.4640657305717468,0.9501650333404541,0.33228275179862976,-0.44144290685653687,0.9523497223854065,0.32330960035324097,-0.5560592412948608,0.9266958236694336,0.3301069438457489,-0.5617237091064453,0.9321462512016296,0.315531462430954,-0.20939847826957703,0.9358620643615723,0.3282090127468109,-0.22116118669509888,0.9828479290008545,0.3304755389690399,-0.24662230908870697,0.9711272716522217,0.32748016715049744,-0.23624342679977417,0.962026834487915,0.3301142454147339,-0.2641632556915283,0.9675213098526001,0.32534027099609375,-0.2718348503112793,0.9551767706871033,0.34077751636505127,-0.4827231168746948,0.9528158903121948,0.3448845446109772,-0.4711976945400238,0.9484251141548157,0.349373459815979,-0.5164490938186646,0.9571940898895264,0.3471132814884186,-0.4005182683467865,0.9616559743881226,0.34211522340774536,-0.4333829879760742,0.9626588225364685,0.338919997215271,-0.40900683403015137,0.9606252312660217,0.3365313708782196,-0.41801363229751587,0.9507611989974976,0.3417153060436249,-0.42968541383743286,0.9591888785362244,0.3363616466522217,-0.41542351245880127,0.9619764685630798,0.34275102615356445,-0.4337525963783264,0.9552351236343384,0.3496961295604706,-0.5273599624633789,0.9480406045913696,0.34370914101600647,-0.5148077607154846,0.9414789080619812,0.29702478647232056,-0.5117300748825073,0.9732539057731628,0.29680368304252625,-0.5276461839675903,0.9664754867553711,0.2956995666027069,-0.5058486461639404,0.9549018740653992,0.29542064666748047,-0.527708113193512,0.9593616127967834,0.3037925064563751,-0.23174253106117249,1.0217629671096802,0.28699585795402527,-0.20840603113174438,0.9583909511566162,0.28286466002464294,-0.2202107012271881,0.9493888020515442,0.2958983778953552,-0.1960328221321106,1.0035932064056396,0.30969324707984924,-0.49352842569351196,0.9747871160507202,0.3047995865345001,-0.4674476981163025,0.9552264213562012,0.2932874262332916,-0.2645684480667114,0.9659388065338135,0.2924250662326813,-0.27054184675216675,0.9508655071258545,0.30022352933883667,-0.25060737133026123,1.0078445672988892,0.3058384656906128,-0.27041399478912354,1.0016188621520996,0.3028351664543152,-0.45898836851119995,0.9580204486846924,0.3152632713317871,-0.5112268328666687,0.9758774042129517,0.2976539731025696,-0.30026549100875854,0.9531471729278564,0.29782727360725403,-0.3408734202384949,0.957586407661438,0.2958439290523529,-0.32071012258529663,0.9427925944328308,0.30024248361587524,-0.4329029321670532,0.9523732662200928,0.3170590400695801,-0.5881704688072205,0.9626590013504028,0.31940677762031555,-0.6255085468292236,0.955078125,0.31565797328948975,-0.6148277521133423,0.9361480474472046,0.3192852735519409,-0.23297196626663208,1.048742413520813,0.3223186135292053,-0.26654839515686035,1.0323107242584229,0.31285858154296875,-0.313915491104126,0.996086061000824,0.31424224376678467,-0.3396456241607666,0.9961915016174316,0.296802818775177,-0.3358634114265442,0.9318410754203796,0.3265199065208435,-0.2848181426525116,1.0360387563705444,0.3130222260951996,-0.257854163646698,1.010157585144043,0.31534382700920105,-0.2763174772262573,1.003932237625122,0.3271011412143707,-0.5516328811645508,0.9848931431770325,0.3275874853134155,-0.5750371813774109,0.9731898307800293,0.30769458413124084,-0.44001346826553345,0.9360170960426331,0.3091007471084595,-0.1199033260345459,1.0243279933929443,0.30532369017601013,-0.10518332570791245,1.0296127796173096,0.2976398169994354,-0.35845983028411865,0.9035753011703491,0.3256429433822632,-0.3307074010372162,0.9926166534423828,0.3298962712287903,-0.34877559542655945,1.0039100646972656,0.3283579349517822,-0.5468214750289917,0.9867472052574158,0.33301544189453125,-0.5497364401817322,0.9839594960212708,0.32848212122917175,-0.562263011932373,0.9785456657409668,0.297295480966568,-0.21956998109817505,0.9105808138847351,0.29616469144821167,-0.23965798318386078,0.905794620513916,0.2891169786453247,-0.23837311565876007,0.9069864749908447,0.28752240538597107,-0.21682259440422058,0.9061134457588196,0.2945537865161896,-0.21255719661712646,0.9036079049110413,0.2876219153404236,-0.21287615597248077,0.8875199556350708,0.29565152525901794,-0.25417274236679077,0.9240405559539795,0.28121447563171387,-0.21071405708789825,0.8839128017425537,0.2814205586910248,-0.22038546204566956,0.87169349193573,0.31965723633766174,-0.18591761589050293,1.004116177558899,0.3187403976917267,-0.19276951253414154,1.0054231882095337,0.30535024404525757,-0.17582790553569794,0.9767845869064331,0.3296988606452942,-0.2385072112083435,1.0415064096450806,0.3291333317756653,-0.24785563349723816,1.0286794900894165,0.33840131759643555,-0.4560258388519287,1.0139014720916748,0.33588045835494995,-0.45181044936180115,1.0159400701522827,0.3278435170650482,-0.44529473781585693,1.002236247062683,0.28727683424949646,-0.21277056634426117,0.8699042797088623,0.28509262204170227,-0.19627122581005096,0.8771332502365112,0.2960900664329529,-0.25223517417907715,0.9211600422859192,0.3170437216758728,-0.49194031953811646,0.9282007217407227,0.3141060173511505,-0.5100716352462769,0.9187953472137451,0.3332803547382355,-0.2134183645248413,1.0258057117462158,0.3208339810371399,-0.1664787232875824,1.0074098110198975,0.33382827043533325,-0.5312683582305908,0.9703349471092224,0.3074597120285034,-0.3565421998500824,0.9075086712837219,0.3176349401473999,-0.03165629506111145,1.0329277515411377,0.31779563426971436,-0.04639385640621185,1.0259231328964233,0.314161092042923,-0.36207497119903564,0.9123339653015137,0.32197096943855286,-0.15321952104568481,0.9990703463554382,0.3257730007171631,-0.17397871613502502,0.9967463612556458,0.3180190324783325,-0.1707455813884735,0.9858160614967346,0.3347395062446594,-0.48276710510253906,0.9487496614456177,0.3174186050891876,-0.18856710195541382,0.9468551874160767,0.3213569223880768,-0.3408297896385193,0.9342062473297119,0.32970482110977173,-0.19150865077972412,0.9908748865127563,0.3344470262527466,-0.21184571087360382,0.9861526489257812,0.33353328704833984,-0.21902750432491302,1.0104714632034302,0.33261144161224365,-0.2285788506269455,0.9909422397613525,0.3285025358200073,-0.18021078407764435,0.9801597595214844,0.3227606415748596,-0.1825958490371704,0.967818558216095,0.34505602717399597,-0.47972744703292847,0.9555317163467407,0.2952229082584381,-0.38861724734306335,0.9760576486587524,0.2887541353702545,-0.39009302854537964,0.9718765020370483,0.29212597012519836,-0.40184563398361206,0.9781398177146912,0.2921830713748932,-0.3832505941390991,0.9688214659690857,0.2906295657157898,-0.40623652935028076,0.9699530005455017,0.29775550961494446,-0.467712938785553,0.9723591208457947,0.3020762801170349,-0.4808928370475769,0.9756714105606079,0.30074477195739746,-0.41142070293426514,0.9654921889305115,0.2951759099960327,-0.41800108551979065,0.9545700550079346,0.301299124956131,-0.44549694657325745,0.9645094871520996,0.3014723062515259,-0.45557329058647156,0.9735133647918701,0.28918716311454773,-0.2471507042646408,0.9682835340499878,0.3086891174316406,-0.23392505943775177,1.0320767164230347,0.31148508191108704,-0.2117745578289032,1.0265586376190186,0.29883092641830444,-0.15806254744529724,1.0089468955993652,0.2981046438217163,-0.14638495445251465,1.0002790689468384,0.3019459545612335,-0.4020784795284271,0.9263964891433716,0.2940714657306671,-0.3524931073188782,0.9313656091690063,0.29368484020233154,-0.3718528151512146,0.8991502523422241,0.2968592047691345,-0.37110424041748047,0.9303843379020691,0.31350621581077576,-0.044258181005716324,1.0683703422546387,0.31161049008369446,-0.005171559751033783,1.059251308441162,0.3088526427745819,-0.02342395856976509,1.0590107440948486,0.3042580485343933,-0.024420179426670074,1.0503867864608765,0.298803448677063,-0.03331070765852928,1.039865255355835,0.30018436908721924,-0.10257432609796524,1.0043880939483643,0.29944539070129395,-0.12255430966615677,0.9941563010215759,0.32448169589042664,-0.2024783343076706,1.0571532249450684,0.3310682475566864,-0.45732638239860535,1.0142916440963745,0.32614606618881226,-0.502829372882843,0.9938983917236328,0.3121320307254791,-0.5292515754699707,0.9056016802787781,0.3035365045070648,-0.5251205563545227,0.9108459949493408,0.2860860228538513,-0.1862439215183258,0.8896886110305786,0.27785810828208923,-0.19555893540382385,0.8815851211547852,0.3169124126434326,-0.10508309304714203,1.0269956588745117,0.3178279399871826,-0.12618029117584229,1.0203170776367188,0.33135122060775757,-0.45308348536491394,1.020269751548767,0.30608105659484863,-0.31802046298980713,0.9284980297088623,0.3111391067504883,-0.3349111080169678,0.9297690391540527,0.3270682394504547,-0.33884626626968384,0.9938521385192871,0.32624751329421997,-0.35739806294441223,0.9903477430343628,0.3226349651813507,-0.3778446912765503,0.985194981098175,0.31813356280326843,-0.24701324105262756,0.9323622584342957,0.3217305541038513,-0.06515824794769287,1.0353347063064575,0.3221862018108368,-0.07521740347146988,1.0195345878601074,0.33344870805740356,-0.576598584651947,0.9368884563446045,0.3295651078224182,-0.2746725380420685,0.9821987152099609,0.33188754320144653,-0.29455333948135376,0.9688929319381714,0.32185736298561096,-0.24832621216773987,0.9498196840286255,0.31259727478027344,-0.23685050010681152,0.9236730933189392,0.30853062868118286,-0.2634786367416382,0.9334636330604553,0.33487826585769653,-0.23766392469406128,0.9840978384017944,0.33876124024391174,-0.24314144253730774,1.0006998777389526,0.3352818191051483,-0.25350019335746765,0.9954351186752319,0.33054596185684204,-0.25629934668540955,0.9770528078079224,0.29725608229637146,-0.22622458636760712,0.9965684413909912,0.28888624906539917,-0.19338904321193695,0.9863755702972412,0.287117063999176,-0.20900723338127136,0.9921239614486694,0.2859688401222229,-0.21557959914207458,0.977531909942627,0.3038517236709595,-0.48984867334365845,0.9547098875045776,0.28255409002304077,-0.20963305234909058,0.9466050863265991,0.3169056177139282,-0.5385285019874573,0.9712135791778564,0.29168856143951416,-0.28396159410476685,0.9465887546539307,0.3028230369091034,-0.06114212051033974,1.0435855388641357,0.29932382702827454,-0.07131318002939224,1.0342804193496704,0.2988651990890503,-0.0646200031042099,1.0252958536148071,0.3131140470504761,-0.2560390830039978,1.0127581357955933,0.3213716149330139,-0.2795228660106659,1.028333067893982,0.3157035708427429,-0.2637065052986145,1.0198097229003906,0.2920711040496826,-0.22124823927879333,0.912174642086029,0.27604615688323975,-0.21478164196014404,0.8720227479934692,0.31402793526649475,-0.46260330080986023,0.9311251640319824,0.31186643242836,-0.47589725255966187,0.9292341470718384,0.3104453384876251,-0.49057847261428833,0.9302421808242798,0.30880671739578247,-0.19271299242973328,1.0066925287246704,0.33044105768203735,-0.2780866324901581,1.0320992469787598,0.3242552876472473,-0.28390586376190186,1.0261574983596802,0.3272385895252228,-0.27596527338027954,1.018797516822815,0.32139304280281067,-0.2668048143386841,1.0043766498565674,0.3084827959537506,-0.5576820373535156,0.9055102467536926,0.32045048475265503,-0.596473217010498,0.9252939224243164,0.31284216046333313,-0.022520385682582855,1.0489832162857056,0.3087717592716217,-9.204447269439697e-05,1.0329159498214722,0.3098317086696625,-0.002232372760772705,1.0486336946487427,0.31417733430862427,-0.0178895965218544,1.0416229963302612,0.3128468990325928,-0.02103101834654808,1.0320388078689575,0.3059026002883911,-0.004978060722351074,1.0297279357910156,0.30760806798934937,-0.021272040903568268,1.0263007879257202,0.30668097734451294,-0.2666746973991394,0.9268522262573242,0.3075917959213257,-0.039985790848731995,1.0147581100463867,0.3178492784500122,-0.09691004455089569,1.0062918663024902,0.3126261234283447,-0.1129065752029419,0.9981866478919983,0.3207450211048126,-0.12798993289470673,1.0083400011062622,0.3282427191734314,-0.19187679886817932,0.9984074831008911,0.32645896077156067,-0.20436137914657593,1.0106499195098877,0.3058289885520935,-0.2346736192703247,0.9141395092010498,0.33593544363975525,-0.33277809619903564,0.968045711517334,0.32787659764289856,-0.30863189697265625,0.9560860395431519,0.3466816842556,-0.4674760401248932,0.9560750722885132,0.34059885144233704,-0.3608241677284241,0.9633227586746216,0.34337151050567627,-0.3846213221549988,0.9614349007606506,0.33987969160079956,-0.37643176317214966,0.9600881338119507,0.3424219489097595,-0.40309226512908936,0.9547998309135437,0.30022284388542175,-0.33342379331588745,0.9821256399154663,0.2932940721511841,-0.3495129942893982,0.9770331382751465,0.3008280396461487,-0.31362050771713257,0.9908134937286377,0.29433473944664,-0.3319474458694458,0.9698729515075684,0.30747219920158386,-0.5453953742980957,0.927343487739563,0.29697927832603455,-0.15097904205322266,0.992366373538971,0.3006589114665985,-0.1704794466495514,0.9872495532035828,0.2990909218788147,-0.17746680974960327,1.0013949871063232,0.29889175295829773,-0.11915595829486847,1.0180857181549072,0.30196115374565125,-0.13002310693264008,1.0174334049224854,0.31970512866973877,-0.448175311088562,1.0006067752838135,0.31538885831832886,-0.4555760324001312,0.9958699941635132,0.3242931663990021,-0.42812877893447876,0.9974545836448669,0.30841541290283203,-0.4990900158882141,0.924173891544342,0.2827298641204834,-0.1530575007200241,0.9009052515029907,0.2817189693450928,-0.16769027709960938,0.8960396647453308,0.3094501495361328,0.011876262724399567,1.0421833992004395,0.3042212724685669,0.0065312460064888,1.034998893737793,0.3238852918148041,-0.059403449296951294,1.0720628499984741,0.3267291784286499,-0.0644342303276062,1.0654791593551636,0.3300997018814087,-0.5726494193077087,0.9691177606582642,0.33545249700546265,-0.593940258026123,0.9548410177230835,0.33488649129867554,-0.5607927441596985,0.9406080842018127,0.305141806602478,-0.3001348376274109,0.9253184795379639,0.32282954454421997,-0.027139198035001755,1.059889554977417,0.32148832082748413,-0.03012104704976082,1.065731167793274,0.32460296154022217,-0.04116985574364662,1.0545967817306519,0.33669090270996094,-0.23732268810272217,1.0174484252929688,0.3381732404232025,-0.4425066113471985,0.9639433026313782,0.31470009684562683,-0.19822236895561218,0.942120373249054,0.31663990020751953,-0.21686339378356934,0.9453085660934448,0.29403457045555115,-0.4716233015060425,0.9679163098335266,0.29687434434890747,-0.48263221979141235,0.9651423692703247,0.2983531951904297,-0.21264329552650452,1.0117249488830566,0.2930736839771271,-0.2798497676849365,0.9665501117706299,0.2923293709754944,-0.30266273021698,0.9710601568222046,0.30889996886253357,-0.18743205070495605,1.0065280199050903,0.3019268214702606,-0.02056793123483658,1.0311055183410645,0.300602525472641,-0.037748679518699646,1.023250937461853,0.30153554677963257,-0.04234025627374649,1.0170769691467285,0.3182649612426758,-0.057774074375629425,1.0740091800689697,0.3163248896598816,-0.05963869392871857,1.072783350944519,0.3088063895702362,-0.06000217795372009,1.0547953844070435,0.32619747519493103,-0.5932127237319946,0.9638843536376953,0.29976406693458557,-0.37770330905914307,0.9125285148620605,0.2925262749195099,-0.3638232350349426,0.8923017382621765,0.2999827265739441,-0.004219390451908112,1.0315744876861572,0.3330284059047699,-0.5103813409805298,0.9945619106292725,0.3345094323158264,-0.5319162607192993,0.9978778958320618,0.31895649433135986,-0.14897297322750092,1.0153894424438477,0.3078499138355255,-0.17019829154014587,1.0135645866394043,0.2816367745399475,-0.21389955282211304,0.8683180809020996,0.3193349540233612,-0.03838207945227623,1.0699031352996826,0.313964307308197,-0.008332423865795135,1.0594539642333984,0.3149130940437317,-0.017451569437980652,1.0553959608078003,0.29058611392974854,-0.15435665845870972,0.8996804356575012,0.29454657435417175,-0.18036091327667236,0.913485050201416,0.32461321353912354,-0.08494420349597931,1.0236763954162598,0.31000953912734985,-0.38797420263290405,0.9137163162231445,0.30378490686416626,-0.36445412039756775,0.8912099599838257,0.3328750729560852,-0.3491617441177368,1.0014653205871582,0.32787641882896423,-0.3995920419692993,0.9464328289031982,0.33793652057647705,-0.40579092502593994,0.9523585438728333,0.33031049370765686,-0.3583621680736542,0.9524690508842468,0.3311372697353363,-0.3752442002296448,0.952794075012207,0.2988486886024475,-0.2732183039188385,0.9845881462097168,0.30430564284324646,-0.328123539686203,0.9930823445320129,0.30173763632774353,-0.35079970955848694,0.9849354028701782,0.3045169711112976,-0.41459983587265015,0.9262971878051758,0.2878364324569702,-0.18293030560016632,0.9121870994567871,0.28220582008361816,-0.18848085403442383,0.896668553352356,0.28554201126098633,-0.20977023243904114,0.9140636920928955,0.32683631777763367,-0.2656448185443878,1.029703140258789,0.3246629238128662,-0.26010239124298096,1.0126312971115112,0.3396589159965515,-0.5305629372596741,0.995494544506073,0.3204564154148102,-0.039893463253974915,1.045393943786621,0.32187116146087646,-0.1381387859582901,1.0120949745178223,0.32026204466819763,-0.14233778417110443,0.9894391298294067,0.29938942193984985,-0.2316521406173706,1.007277488708496,0.29466119408607483,-0.243974506855011,0.9931981563568115,0.2913099229335785,-0.2539777159690857,0.9905725717544556,0.28666654229164124,-0.23478686809539795,0.9827420115470886,0.2915381193161011,-0.18251067399978638,0.9871291518211365,0.29551801085472107,-0.09653620421886444,1.0146197080612183,0.3255038261413574,-0.21811145544052124,1.0512335300445557,0.321357399225235,-0.21208925545215607,1.0482385158538818,0.32070302963256836,-0.45911166071891785,0.9351807832717896,0.32870471477508545,-0.24617351591587067,1.0107192993164062,0.32382240891456604,-0.26008808612823486,1.0025891065597534,0.30733731389045715,-0.19655051827430725,0.9345036745071411,0.32943758368492126,-0.3404884338378906,0.9899625778198242,0.32912957668304443,-0.35330936312675476,0.9895977973937988,0.3208647668361664,-0.27682366967201233,0.9490349888801575,0.3376232087612152,-0.4182577133178711,0.9460221529006958,0.2861880660057068,-0.22874599695205688,0.9531359076499939,0.31075936555862427,-0.4658806324005127,0.9411424994468689,0.3107982873916626,-0.14943529665470123,1.0170069932937622,0.3082180917263031,-0.002086631953716278,1.0526667833328247,0.32177987694740295,-0.028563231229782104,1.0834873914718628,0.3186659812927246,-0.061051271855831146,1.0533214807510376,0.31787431240081787,-0.0704910159111023,1.0447136163711548,0.31785714626312256,-0.08302450180053711,1.0330833196640015,0.32786497473716736,-0.6090490818023682,0.9594061374664307,0.33389273285865784,-0.632016658782959,0.9618761539459229,0.3209208846092224,-0.06100726127624512,1.0517059564590454,0.3253220319747925,-0.6158779859542847,0.9365715980529785,0.33268463611602783,-0.6165957450866699,0.9544205069541931,0.32433977723121643,-0.25759243965148926,1.0147792100906372,0.31129884719848633,-0.29782968759536743,0.9312862157821655,0.3058282434940338,-0.2826651930809021,0.9226765632629395,0.33832547068595886,-0.5487552285194397,0.9401663541793823,0.3338756561279297,-0.3089952766895294,0.9784468412399292,0.30629825592041016,-0.44933319091796875,0.9845057725906372,0.3037034571170807,-0.4470880627632141,0.9734676480293274,0.30464494228363037,-0.07346457242965698,1.038146734237671,0.307670921087265,-0.0820760428905487,1.0385162830352783,0.33829301595687866,-0.23165586590766907,1.0290168523788452,0.31761622428894043,-0.29570960998535156,0.9473312497138977,0.33773526549339294,-0.23893240094184875,1.0012974739074707,0.32466191053390503,-0.20976458489894867,0.9663901925086975,0.3058823049068451,-0.24339143931865692,1.0175213813781738,0.308279812335968,-0.009974390268325806,1.0477616786956787,0.3146420121192932,-0.05729687213897705,1.0176838636398315,0.30695292353630066,-0.05350267142057419,1.0184121131896973,0.31273335218429565,-0.0682971179485321,1.0165761709213257,0.31354206800460815,-0.1464492380619049,0.985394299030304,0.321100652217865,-0.11732799559831619,1.004199743270874,0.31767889857292175,-0.28264057636260986,0.9357442855834961,0.3302605152130127,-0.29527851939201355,0.956736147403717,0.33126190304756165,-0.3854607343673706,0.9460203051567078,0.3336675465106964,-0.3397524058818817,0.9627366662025452,0.2920324504375458,-0.36508673429489136,0.973405659198761,0.29654577374458313,-0.1861681193113327,1.0012567043304443,0.33464980125427246,-0.28090423345565796,1.0287268161773682,0.2957361936569214,-0.12171333283185959,1.0078296661376953,0.30054521560668945,-0.01069573312997818,1.0412036180496216,0.3498091697692871,-0.5045292377471924,0.9484389424324036,0.34614259004592896,-0.5025509595870972,0.9392703771591187,0.3069740831851959,-0.5441857576370239,0.9030777215957642,0.3312353193759918,-0.2513788938522339,1.0246044397354126,0.3270881474018097,-0.5871090888977051,0.9302095174789429