-1.1362831592559814,-0.3837127387523651,1.39682137966156,-1.1415032148361206,-0.38349321484565735,1.3748475313186646,-1.118481993675232,-0.3945230543613434,1.3739268779754639,-1.125792384147644,-0.348880410194397,1.3722962141036987,-1.0975990295410156,-0.3347763121128082,1.4322174787521362,-1.1033378839492798,-0.3571091890335083,1.3993399143218994,-1.0767267942428589,-0.31217098236083984,1.430302381515503,-0.9276959300041199,-0.32358452677726746,1.5417269468307495,-0.9547711610794067,-0.31282809376716614,1.5531928539276123,-1.050427794456482,-0.32645362615585327,1.4361941814422607,-0.9402639865875244,-0.31927040219306946,1.5727922916412354,-1.072130799293518,-0.34530872106552124,1.3978652954101562,-0.8422324061393738,-0.3201090097427368,1.6243302822113037,-0.8378487825393677,-0.29420554637908936,1.6228392124176025,-0.8563909530639648,-0.3024201989173889,1.5769891738891602,-0.7925307750701904,-0.31113553047180176,1.6423379182815552,-0.8326230049133301,-0.3249754309654236,1.6128264665603638,-0.9542233347892761,-0.303024023771286,1.5657703876495361,-0.8425239324569702,-0.2988206744194031,1.6106452941894531,-0.7908204197883606,-0.2996075451374054,1.6432015895843506,-0.7950772643089294,-0.2951131761074066,1.603785514831543,-0.8039929270744324,-0.30312296748161316,1.5808172225952148,-0.8458474278450012,-0.3123115003108978,1.569474697113037,-0.7615596055984497,-0.3102127015590668,1.627105712890625,-0.751075804233551,-0.27763423323631287,1.6291918754577637,-0.7209905385971069,-0.3033891022205353,1.6961393356323242,-0.7188510298728943,-0.3256077468395233,1.6876676082611084,-0.7191964387893677,-0.2945880889892578,1.6844027042388916,-0.7062299847602844,-0.2811003029346466,1.6562187671661377,-0.7020847201347351,-0.29338338971138,1.662441372871399,-0.7263345122337341,-0.3016528785228729,1.6552393436431885,-0.673236072063446,-0.29713091254234314,1.6931700706481934,-0.7852873206138611,-0.300913006067276,1.5991020202636719,-0.7347331643104553,-0.26709601283073425,1.5915460586547852,-0.6507605314254761,-0.2827882170677185,1.7380642890930176,-0.6465246677398682,-0.2969919443130493,1.7374064922332764,-0.5967810153961182,-0.2954044044017792,1.6983532905578613,-0.6305743455886841,-0.27480825781822205,1.7030543088912964,-0.6033999919891357,-0.2840149402618408,1.7415657043457031,-0.6225737929344177,-0.2940647006034851,1.6942486763000488,-0.6071537733078003,-0.2648484706878662,1.73464834690094,-0.5675010085105896,-0.2624754011631012,1.7537376880645752,-0.5699474811553955,-0.28310832381248474,1.7460085153579712,-0.5275835394859314,-0.2853146195411682,1.763948678970337,-0.5113134980201721,-0.2981037497520447,1.7928739786148071,-0.5257018804550171,-0.2871806025505066,1.7902811765670776,-0.5297946333885193,-0.2992856204509735,1.7795217037200928,-0.5263761878013611,-0.2730306386947632,1.767652153968811,-0.4648818075656891,-0.2731214761734009,1.7963168621063232,-0.4712464213371277,-0.2809722125530243,1.752578616142273,-0.4542447626590729,-0.25468572974205017,1.772404670715332,-0.4616706371307373,-0.30229052901268005,1.8167139291763306,-0.4660806357860565,-0.28221529722213745,1.8215358257293701,-0.46267664432525635,-0.2810984253883362,1.7889103889465332,-0.3994607627391815,-0.27711227536201477,1.8092230558395386,-0.40123847126960754,-0.28198716044425964,1.7969584465026855,-0.3978913724422455,-0.2510124444961548,1.8062055110931396,-0.36112192273139954,-0.25079888105392456,1.7596521377563477,-0.35271281003952026,-0.24075593054294586,1.821826696395874,-0.30936235189437866,-0.2415246069431305,1.7906498908996582,-0.3766438961029053,-0.2231229990720749,1.7717796564102173,-0.29705506563186646,-0.20923367142677307,1.7902976274490356,-0.26547616720199585,-0.21674460172653198,1.7848188877105713,-0.3029565215110779,-0.1858893483877182,1.7667467594146729,-0.2854183316230774,-0.17575950920581818,1.791856050491333,-0.2615516185760498,-0.18722283840179443,1.772634744644165,-0.27233612537384033,-0.1750546097755432,1.729841947555542,-0.2334587424993515,-0.21389590203762054,1.7564325332641602,-0.2921868562698364,-0.18812993168830872,1.6574580669403076,-0.2317986786365509,-0.18908122181892395,1.7055528163909912,-0.22661495208740234,-0.13470172882080078,1.6440309286117554,-0.22252964973449707,-0.16323421895503998,1.6770826578140259,-0.23311921954154968,-0.16751724481582642,1.7144135236740112,-0.2116924524307251,-0.15933555364608765,1.62662935256958,-0.2011745274066925,-0.10770563781261444,1.5916879177093506,-0.1926836222410202,-0.12275247275829315,1.5598547458648682,-0.19893881678581238,-0.14554420113563538,1.6203677654266357,-0.2504618465900421,-0.1127137690782547,1.5932600498199463,-0.14241939783096313,-0.08560436964035034,1.4245705604553223,-0.17802178859710693,-0.09387785196304321,1.5283206701278687,-0.16215485334396362,-0.09261783957481384,1.4804657697677612,-0.1731557548046112,-0.038157179951667786,1.4064922332763672,-0.14000198245048523,-0.06661495566368103,1.4322912693023682,-0.14276805520057678,-0.051995404064655304,1.4230365753173828,-0.1713617891073227,-0.03381212055683136,1.3832859992980957,-0.10073964297771454,-0.06074800714850426,1.3636181354522705,-0.08442232012748718,-0.040548861026763916,1.3694747686386108,-0.08726729452610016,-0.04300247132778168,1.3962783813476562,-0.07934122532606125,-0.06503894925117493,1.3818175792694092,0.06490153074264526,-0.06570848077535629,1.407015323638916,0.08803148567676544,-0.06441014260053635,1.3815813064575195,0.07667753100395203,-0.08486653864383698,1.3926156759262085,0.07900797575712204,-0.051194772124290466,1.3996171951293945,0.10953579843044281,-0.08736482262611389,1.436502456665039,0.1133134514093399,-0.0694451853632927,1.4382716417312622,0.1536960005760193,-0.06998057663440704,1.3887193202972412,0.15842804312705994,-0.10742510110139847,1.461742639541626,0.1594620943069458,-0.08151594549417496,1.3897910118103027,0.1423763930797577,-0.10643147677183151,1.4793756008148193,0.16620004177093506,-0.05418277531862259,1.404160976409912,0.14470337331295013,-0.08408547192811966,1.4806593656539917,0.14932720363140106,-0.10718013346195221,1.5447041988372803,0.1448010504245758,-0.14049570262432098,1.6068835258483887,0.23555362224578857,-0.12277572602033615,1.4595166444778442,0.14615672826766968,-0.16506248712539673,1.634765625,0.1928887963294983,-0.14715948700904846,1.545412540435791,0.15967805683612823,-0.14198818802833557,1.6364384889602661,0.1520170122385025,-0.18234874308109283,1.7094932794570923,0.1606961339712143,-0.17253363132476807,1.724444031715393,0.15291517972946167,-0.18936529755592346,1.7580780982971191,0.14593856036663055,-0.21671077609062195,1.7746994495391846,0.1596182882785797,-0.22979547083377838,1.7837741374969482,0.17657016217708588,-0.23344728350639343,1.812282919883728,0.20767152309417725,-0.20229358971118927,1.815657615661621,0.17758722603321075,-0.21517658233642578,1.8219034671783447,0.22989562153816223,-0.23341968655586243,1.7891254425048828,0.318850576877594,-0.1825551986694336,1.7261734008789062,0.21038749814033508,-0.2319951206445694,1.8198744058609009,0.2579801678657532,-0.221156507730484,1.8486900329589844,0.25701794028282166,-0.24121175706386566,1.8411859273910522,0.328264981508255,-0.2420744150876999,1.8379896879196167,0.3069055676460266,-0.2326347827911377,1.7880492210388184,0.39154869318008423,-0.22513900697231293,1.708925724029541,0.4138493239879608,-0.16795876622200012,1.6617863178253174,0.3161773085594177,-0.22155801951885223,1.8545913696289062,0.44550982117652893,-0.23241861164569855,1.8441637754440308,0.3320311903953552,-0.23007208108901978,1.859032154083252,0.37694182991981506,-0.23571732640266418,1.863399624824524,0.36637040972709656,-0.21068070828914642,1.8211921453475952,0.37708163261413574,-0.21714754402637482,1.8732950687408447,0.43385034799575806,-0.21218155324459076,1.851892352104187,0.4471829831600189,-0.20236408710479736,1.829484224319458,0.4006061553955078,-0.2258577048778534,1.8060452938079834,0.39663130044937134,-0.22466427087783813,1.8480288982391357,0.4518990218639374,-0.21763281524181366,1.8203835487365723,0.49874794483184814,-0.1826307624578476,1.8081223964691162,0.507666826248169,-0.19829756021499634,1.8068820238113403,0.5378687381744385,-0.18072552978992462,1.780862808227539,0.557561457157135,-0.2008752077817917,1.783003568649292,0.5723990201950073,-0.1770932674407959,1.8210843801498413,0.5666406750679016,-0.1941019594669342,1.8153187036514282,0.6006535291671753,-0.1767483949661255,1.781354546546936,0.566591739654541,-0.1890821009874344,1.7922139167785645,0.6249554753303528,-0.171232670545578,1.74070143699646,0.6331331729888916,-0.1852787435054779,1.74220609664917,0.6866426467895508,-0.15539126098155975,1.7374897003173828,0.6956677436828613,-0.15383245050907135,1.7021018266677856,0.6787879467010498,-0.1797042340040207,1.6909327507019043,0.7255420088768005,-0.15180742740631104,1.6707353591918945,0.6080629229545593,-0.1954699158668518,1.7724475860595703,0.6493179798126221,-0.17410987615585327,1.7801133394241333,0.6734137535095215,-0.17619040608406067,1.734024167060852,0.6414618492126465,-0.2002842277288437,1.7720556259155273,0.7981792688369751,-0.15510573983192444,1.7165800333023071,0.7391889095306396,-0.18172773718833923,1.7051334381103516,0.7690761089324951,-0.15985161066055298,1.6971784830093384,0.7322466969490051,-0.17168018221855164,1.7386560440063477,0.7536903023719788,-0.1736564338207245,1.6868715286254883,0.7825831770896912,-0.15068769454956055,1.6767187118530273,0.7815962433815002,-0.1709686517715454,1.6704823970794678,0.7969782948493958,-0.15868023037910461,1.7301366329193115,0.8005677461624146,-0.17267000675201416,1.7115676403045654,0.7909975051879883,-0.1723559945821762,1.7302908897399902,0.8337386846542358,-0.1552731841802597,1.6804651021957397,0.9030466675758362,-0.14321115612983704,1.6901123523712158,0.850610613822937,-0.14183980226516724,1.6637006998062134,0.9159111976623535,-0.13651831448078156,1.6716232299804688,0.9108388423919678,-0.15830610692501068,1.6624029874801636,1.0813889503479004,-0.13883793354034424,1.5449433326721191,1.0549284219741821,-0.16497085988521576,1.548388123512268,1.106873631477356,-0.17164172232151031,1.5243479013442993,1.0898640155792236,-0.1491565853357315,1.5546892881393433,1.0643301010131836,-0.20034007728099823,1.5045289993286133,1.1502606868743896,-0.2023821473121643,1.5101468563079834,1.1436071395874023,-0.2172892838716507,1.5077824592590332,-1.1105356216430664,-0.3687579929828644,1.3542455434799194,-1.119369387626648,-0.3616231083869934,1.3081973791122437,-1.1410319805145264,-0.3812211751937866,1.2909197807312012,-1.100710391998291,-0.3729761242866516,1.2996567487716675,-1.154569149017334,-0.35252144932746887,1.2508662939071655,-1.1408060789108276,-0.36636435985565186,1.2298184633255005,-1.0925102233886719,-0.3172246813774109,1.4128813743591309,-1.0053108930587769,-0.34330782294273376,1.3905895948410034,-1.0541719198226929,-0.3467594087123871,1.35981023311615,-1.0449029207229614,-0.34230199456214905,1.3423728942871094,-1.093870997428894,-0.3436691462993622,1.283524990081787,-1.0883004665374756,-0.36533063650131226,1.24241042137146,-1.1308571100234985,-0.3870684802532196,1.2379831075668335,-1.2014938592910767,-0.36590492725372314,1.1632581949234009,-1.170440673828125,-0.3837873935699463,1.1697863340377808,-1.1658557653427124,-0.3904489278793335,1.1097745895385742,-1.0336986780166626,-0.3461228311061859,1.2691714763641357,-1.099031686782837,-0.34643319249153137,1.2417097091674805,-1.2009212970733643,-0.34592267870903015,1.1509400606155396,-1.099302053451538,-0.356168270111084,1.2254748344421387,-1.080920696258545,-0.34164801239967346,1.244254231452942,-1.112916111946106,-0.36886540055274963,1.2100942134857178,-1.0818957090377808,-0.3802768588066101,1.1843727827072144,-0.8645407557487488,-0.28727272152900696,1.419869065284729,-1.1320819854736328,-0.4229816198348999,1.0484015941619873,-1.1958949565887451,-0.41886425018310547,0.9880127310752869,-0.7541356086730957,-0.3056301772594452,1.4659366607666016,-0.8426451683044434,-0.3167441189289093,1.4494173526763916,-0.8723171949386597,-0.2875579297542572,1.388354778289795,-0.7502981424331665,-0.3121843636035919,1.504061222076416,-0.8334746360778809,-0.26751798391342163,1.4951313734054565,-0.9778203964233398,-0.39335429668426514,1.1857259273529053,-0.6707205772399902,-0.2609594166278839,1.6226030588150024,-0.6716422438621521,-0.24858562648296356,1.5394341945648193,-1.1152280569076538,-0.2789001166820526,1.0681843757629395,-1.1913795471191406,-0.28076931834220886,1.0216002464294434,-1.0199363231658936,-0.2835397720336914,1.1864739656448364,-1.1740236282348633,-0.2874413728713989,0.9828399419784546,-0.8637121915817261,-0.2797502279281616,1.2661150693893433,-0.9182771444320679,-0.3211067020893097,1.2392401695251465,-0.9506523609161377,-0.2753746509552002,1.2041934728622437,-0.8975491523742676,-0.2524532675743103,1.204796552658081,-0.9019059538841248,-0.23256897926330566,1.2152330875396729,-0.8313159346580505,-0.2616978883743286,1.260998249053955,-0.5434231162071228,-0.26731735467910767,1.6064693927764893,-0.5740328431129456,-0.24752843379974365,1.6636258363723755,-0.7909667491912842,-0.19773291051387787,1.2419747114181519,-0.6696490049362183,-0.2085423767566681,1.3956395387649536,-0.6960985064506531,-0.256366103887558,1.3861827850341797,-0.4359155297279358,-0.24337169528007507,1.6672861576080322,-0.5201981663703918,-0.24272501468658447,1.5706980228424072,-0.4947265386581421,-0.23015335202217102,1.681636095046997,-0.6835170984268188,-0.19957110285758972,1.28598153591156,-0.6727818846702576,-0.1691594123840332,1.3076634407043457,-0.7133064866065979,-0.19558294117450714,1.2595887184143066,-0.7116833925247192,-0.177853062748909,1.2501220703125,-0.5223952531814575,-0.169332817196846,1.4881199598312378,-0.535306453704834,-0.14846229553222656,1.4074980020523071,-0.34186476469039917,-0.16863329708576202,1.5506888628005981,-0.6125696301460266,-0.09784692525863647,1.1862099170684814,-0.3718563914299011,-0.17586219310760498,1.6563363075256348,-0.25278428196907043,-0.12893515825271606,1.5114755630493164,-0.3287544250488281,-0.11051896214485168,1.5221872329711914,-0.290731281042099,-0.11077694594860077,1.4266105890274048,-0.2917328476905823,-0.07070939242839813,1.4328312873840332,-0.3460378050804138,-0.04379076883196831,1.3198456764221191,-0.3436029553413391,-0.03400927037000656,1.2667399644851685,0.35695111751556396,-0.06214587017893791,1.2908835411071777,0.32159852981567383,-0.08333051204681396,1.2872354984283447,0.40011197328567505,-0.07812825590372086,1.2572249174118042,0.3187396228313446,-0.09493723511695862,1.4415829181671143,0.3126538395881653,-0.10835494101047516,1.3443021774291992,0.321779727935791,-0.08021630346775055,1.3660845756530762,0.42514365911483765,-0.08679504692554474,1.3396928310394287,0.45216402411460876,-0.12582780420780182,1.3292313814163208,0.5020549297332764,-0.0769987627863884,1.2579010725021362,0.5381682515144348,-0.07647714763879776,1.2392677068710327,0.499677836894989,-0.09493809193372726,1.2547203302383423,0.535118818283081,-0.09641534835100174,1.2431527376174927,0.568260133266449,-0.08385957777500153,1.2697322368621826,0.3156774044036865,-0.14541038870811462,1.6200566291809082,0.3375946581363678,-0.17290881276130676,1.5689784288406372,0.6395848989486694,-0.09563544392585754,1.2741916179656982,0.6128228902816772,-0.12716464698314667,1.2683014869689941,0.5649332404136658,-0.09986825287342072,1.2700958251953125,0.628656268119812,-0.10191334784030914,1.2624187469482422,0.6892560124397278,-0.100506991147995,1.2543811798095703,0.4250031113624573,-0.16480647027492523,1.4906444549560547,0.6613144874572754,-0.13114546239376068,1.3938478231430054,0.6275874972343445,-0.1476600617170334,1.29689359664917,0.6175639033317566,-0.12093868106603622,1.3156297206878662,0.5511197447776794,-0.1409682333469391,1.5046563148498535,0.6533509492874146,-0.16145595908164978,1.3707740306854248,0.7588276863098145,-0.14049093425273895,1.3449839353561401,0.6991599202156067,-0.12491803616285324,1.3701117038726807,0.7299267649650574,-0.1470702439546585,1.3466912508010864,0.7254693508148193,-0.18922433257102966,1.3719030618667603,0.5462192296981812,-0.1556008756160736,1.5617237091064453,0.6399427652359009,-0.15163959562778473,1.462481141090393,0.6163959503173828,-0.19072934985160828,1.468953013420105,0.48120489716529846,-0.21787697076797485,1.6896322965621948,0.7570578455924988,-0.15567301213741302,1.3941283226013184,0.5164053440093994,-0.176716148853302,1.6877338886260986,0.5639591813087463,-0.17823924124240875,1.6399308443069458,0.5511603951454163,-0.2140042632818222,1.6851141452789307,0.9839106202125549,-0.19066311419010162,1.3044188022613525,0.6202054023742676,-0.21112272143363953,1.6352345943450928,0.6766217947006226,-0.2073875069618225,1.6191291809082031,0.6901146769523621,-0.16538816690444946,1.5702857971191406,0.773866593837738,-0.20954546332359314,1.4994125366210938,0.7729038000106812,-0.16848503053188324,1.5022878646850586,0.7060993909835815,-0.16518737375736237,1.5948597192764282,0.7618379592895508,-0.16749730706214905,1.5577032566070557,0.8335767984390259,-0.17615526914596558,1.5279169082641602,0.7203289866447449,-0.15847992897033691,1.6427639722824097,0.7487431168556213,-0.18613308668136597,1.6272655725479126,1.154219388961792,-0.30205652117729187,1.2282369136810303,1.275834321975708,-0.3019600808620453,1.1351877450942993,1.2990379333496094,-0.22876548767089844,1.1513229608535767,1.2482929229736328,-0.2472405731678009,1.1533472537994385,1.0157160758972168,-0.21723975241184235,1.4072469472885132,1.0478639602661133,-0.21241505444049835,1.376460313796997,0.8768875598907471,-0.16443750262260437,1.5558091402053833,1.285481333732605,-0.1574912667274475,1.2002860307693481,1.2253296375274658,-0.16868431866168976,1.2460482120513916,1.1227353811264038,-0.19234846532344818,1.43253493309021,1.2140921354293823,-0.2017209380865097,1.3719098567962646,1.164152979850769,-0.2129305601119995,1.3417549133300781,1.1933372020721436,-0.23549693822860718,1.3786205053329468,-1.1907438039779663,-0.3949440121650696,1.259695053100586,-1.1663365364074707,-0.4075217545032501,1.253729224205017,-0.9194939136505127,-0.31179988384246826,1.5142076015472412,-0.919475793838501,-0.2943110764026642,1.5244436264038086,-0.9408398866653442,-0.3048623204231262,1.4744888544082642,-0.993790328502655,-0.3195488452911377,1.377544641494751,-0.9359489679336548,-0.3063686490058899,1.3802103996276855,-1.0142897367477417,-0.35702309012413025,1.3423429727554321,-0.9911045432090759,-0.31326672434806824,1.3117746114730835,-0.8795857429504395,-0.3304952383041382,1.3994640111923218,-0.7632352709770203,-0.3058260381221771,1.52777898311615,-0.7987602353096008,-0.29912447929382324,1.5020796060562134,-1.0920040607452393,-0.2888796627521515,1.1136105060577393,-1.1764438152313232,-0.3225401043891907,1.143661379814148,-1.204698920249939,-0.3024584949016571,1.0599381923675537,-0.7552382349967957,-0.26390334963798523,1.5086159706115723,-0.7309087514877319,-0.3008524179458618,1.5614981651306152,-1.0270845890045166,-0.3634439706802368,1.1780849695205688,-1.0342328548431396,-0.3671238422393799,1.1536450386047363,-1.1531600952148438,-0.37506768107414246,1.0411438941955566,-1.1798930168151855,-0.38768666982650757,0.9972739219665527,-0.9557845592498779,-0.28428971767425537,1.2659578323364258,-0.6723906993865967,-0.29546141624450684,1.6519666910171509,-0.9239547848701477,-0.2872981131076813,1.2960896492004395,-0.970346212387085,-0.2661452293395996,1.2328521013259888,-0.8922109007835388,-0.3260456919670105,1.3110787868499756,-0.9049104452133179,-0.3327772617340088,1.2942168712615967,-0.8909525275230408,-0.25586214661598206,1.2752857208251953,-0.8235785365104675,-0.3030281066894531,1.3674545288085938,-0.9901230335235596,-0.2764816880226135,1.182632565498352,-1.032240629196167,-0.2832762598991394,1.128259301185608,-0.7934128046035767,-0.2626660466194153,1.442493200302124,-0.7965495586395264,-0.24684150516986847,1.350569725036621,-0.8262934684753418,-0.2834163308143616,1.329483151435852,-0.5782559514045715,-0.26971161365509033,1.6560015678405762,-0.7016884684562683,-0.2974104583263397,1.4813998937606812,-0.720665454864502,-0.25036880373954773,1.3456743955612183,-0.5082961916923523,-0.2711711525917053,1.6834123134613037,-0.5423204898834229,-0.200948566198349,1.5702698230743408,-0.6237108111381531,-0.25482088327407837,1.470890760421753,-0.7362391948699951,-0.19038335978984833,1.265958547592163,-0.7377347946166992,-0.22911281883716583,1.2836253643035889,-0.6180051565170288,-0.20505493879318237,1.4667075872421265,-0.6412022113800049,-0.18407733738422394,1.3819059133529663,-0.4123207628726959,-0.16001081466674805,1.5793789625167847,-0.5432867407798767,-0.19085636734962463,1.408968448638916,-0.5665819644927979,-0.16327732801437378,1.299856185913086,-0.5571967363357544,-0.12114853411912918,1.2946428060531616,-0.6090099811553955,-0.12568217515945435,1.2379465103149414,-0.47327762842178345,-0.13113369047641754,1.3024048805236816,-0.570004403591156,-0.09484181553125381,1.228210687637329,-0.44371241331100464,-0.14030984044075012,1.4848127365112305,-0.4105996787548065,-0.14419883489608765,1.421579360961914,-0.5128046870231628,-0.06451860070228577,1.193416953086853,-0.46418091654777527,-0.04745878279209137,1.2043102979660034,-0.2274448573589325,-0.08047172427177429,1.5099788904190063,-0.33576974272727966,-0.0848877876996994,1.321851372718811,0.4519183039665222,-0.09693658351898193,1.2513757944107056,0.2180764377117157,-0.09982763975858688,1.5226683616638184,0.5062178373336792,-0.08480587601661682,1.323421597480774,0.5087931752204895,-0.1143430694937706,1.3080403804779053,0.5381242632865906,-0.07191158831119537,1.257266640663147,0.4930537939071655,-0.12301729619503021,1.439101219177246,0.5568035244941711,-0.15373603999614716,1.3655304908752441,0.6937153339385986,-0.09017515182495117,1.2671130895614624,0.4780419170856476,-0.16034063696861267,1.615509271621704,0.6947240233421326,-0.18566593527793884,1.3903403282165527,0.6156773567199707,-0.1744687706232071,1.6172279119491577,1.0595777034759521,-0.18687081336975098,1.2445067167282104,1.0872331857681274,-0.17314347624778748,1.242326259613037,1.1680753231048584,-0.17581020295619965,1.1545227766036987,1.228444218635559,-0.1709485501050949,1.0984594821929932,1.212847113609314,-0.19629916548728943,1.1065478324890137,0.8624258637428284,-0.1713763177394867,1.4640913009643555,1.1787036657333374,-0.15800663828849792,1.169250249862671,1.230546236038208,-0.15783683955669403,1.111820101737976,1.0311768054962158,-0.2507791221141815,1.2936185598373413,0.9974533319473267,-0.2695007920265198,1.333423137664795,1.0126228332519531,-0.289970338344574,1.3004436492919922,1.0779948234558105,-0.2570574879646301,1.2630043029785156,1.1886249780654907,-0.15869027376174927,1.2138264179229736,1.2517116069793701,-0.16361387073993683,1.1516777276992798,1.0625792741775513,-0.18851587176322937,1.3412411212921143,1.0531493425369263,-0.25041818618774414,1.3037784099578857,1.1218502521514893,-0.2587411105632782,1.2846815586090088,1.0505496263504028,-0.2745431363582611,1.3094733953475952,1.120008945465088,-0.299264132976532,1.2659204006195068,1.0043572187423706,-0.236288383603096,1.366775631904602,1.0803242921829224,-0.23530252277851105,1.3577381372451782,1.2594209909439087,-0.25021618604660034,1.174726963043213,1.2929166555404663,-0.2851176857948303,1.1196709871292114,1.304577112197876,-0.19064021110534668,1.146794080734253,1.0193405151367188,-0.1871108114719391,1.4103200435638428,1.1823763847351074,-0.1924106776714325,1.250334620475769,1.2059910297393799,-0.2834232449531555,1.2241125106811523,1.2293739318847656,-0.2647444009780884,1.2326719760894775,1.3038601875305176,-0.23894275724887848,1.1811933517456055,1.1162633895874023,-0.18986418843269348,1.3998290300369263,1.1559040546417236,-0.18129877746105194,1.3857263326644897,1.2891650199890137,-0.21056169271469116,1.2520771026611328,1.272413969039917,-0.2227589637041092,1.265818476676941,0.9437482357025146,-0.17747123539447784,1.4895408153533936,1.0561856031417847,-0.14633187651634216,1.5185973644256592,1.0296237468719482,-0.17654187977313995,1.4880506992340088,0.890470027923584,-0.15932990610599518,1.6364129781723022,0.918341875076294,-0.16030749678611755,1.5988638401031494,0.9163715839385986,-0.15490011870861053,1.5934700965881348,0.9355485439300537,-0.17615251243114471,1.584649920463562,1.0063135623931885,-0.1555745154619217,1.5559576749801636,0.9855771064758301,-0.16820600628852844,1.5673706531524658,-1.0742921829223633,-0.33865126967430115,1.383312463760376,-1.0481183528900146,-0.3599030673503876,1.3819626569747925,-1.065183162689209,-0.3811461329460144,1.3546431064605713,-1.1966580152511597,-0.359097957611084,1.0448570251464844,-1.2069056034088135,-0.4062338173389435,1.0088930130004883,-1.038104772567749,-0.36387184262275696,1.1571835279464722,-1.0904357433319092,-0.3859325349330902,1.1380478143692017,-1.0386347770690918,-0.4108724892139435,1.142648696899414,-1.136922836303711,-0.4161943197250366,1.08991277217865,-1.1178853511810303,-0.3745805025100708,1.072730302810669,-1.1281728744506836,-0.39834365248680115,1.0376789569854736,-0.9394501447677612,-0.34670719504356384,1.2571942806243896,-0.9598426222801208,-0.3666623532772064,1.209434151649475,-0.975510835647583,-0.3598538637161255,1.2308241128921509,-1.0759572982788086,-0.3988080620765686,1.0841951370239258,-1.0861797332763672,-0.3700544536113739,1.0919464826583862,-1.0042942762374878,-0.385619580745697,1.150723934173584,-1.0588868856430054,-0.366715669631958,1.1335794925689697,-0.8573582172393799,-0.26789581775665283,1.369563102722168,-0.939015805721283,-0.25448253750801086,1.2146286964416504,-0.8740102052688599,-0.23631061613559723,1.1947516202926636,-0.8866205215454102,-0.21198239922523499,1.197725772857666,-0.7605295181274414,-0.26050320267677307,1.308332920074463,-0.78774493932724,-0.2138950377702713,1.238556981086731,-0.8547622561454773,-0.20423097908496857,1.211529016494751,-0.8525453805923462,-0.2227567881345749,1.1983017921447754,-0.4739178419113159,-0.1785353422164917,1.4462642669677734,-0.6957700252532959,-0.15220750868320465,1.2174538373947144,-0.6165223121643066,-0.1571941077709198,1.220502257347107,-0.6558856964111328,-0.1171455904841423,1.196166753768921,-0.5177952647209167,-0.08377909660339355,1.1853488683700562,-0.5699569582939148,-0.08312693238258362,1.1768018007278442,-0.41226738691329956,-0.045902177691459656,1.2225115299224854,0.8237717747688293,-0.1495208740234375,1.331565022468567,0.5098611116409302,-0.21382473409175873,1.757777214050293,0.9309804439544678,-0.17044293880462646,1.3648149967193604,0.8923795223236084,-0.14645926654338837,1.306471586227417,0.9237977862358093,-0.1876441240310669,1.323211669921875,0.9322656989097595,-0.1667894870042801,1.324131727218628,0.7665704488754272,-0.17047467827796936,1.4696507453918457,0.9245975017547607,-0.22997239232063293,1.354347825050354,0.9793260097503662,-0.23550933599472046,1.3247778415679932,0.9601724743843079,-0.26700451970100403,1.3342081308364868,0.9834084510803223,-0.2631729543209076,1.313353180885315,1.0301450490951538,-0.2393176406621933,1.2809414863586426,1.2006633281707764,-0.22494250535964966,1.1447348594665527,1.242838740348816,-0.21959108114242554,1.1111570596694946,1.274559736251831,-0.20216616988182068,1.1222065687179565,0.9775418043136597,-0.19366446137428284,1.373520851135254,1.0141372680664062,-0.18901170790195465,1.3551697731018066,1.0330462455749512,-0.25628793239593506,1.3275063037872314,1.0550611019134521,-0.2607696056365967,1.2889989614486694,1.0757771730422974,-0.2952782213687897,1.258845567703247,0.7353640198707581,-0.21252746880054474,1.591080665588379,1.0848652124404907,-0.19896289706230164,1.3662946224212646,1.1423149108886719,-0.2027454376220703,1.3512769937515259,0.9911389350891113,-0.21083776652812958,1.4633448123931885,1.2995152473449707,-0.25181373953819275,1.2378582954406738,1.3136930465698242,-0.2003474235534668,1.2027697563171387,1.1241066455841064,-0.22270943224430084,1.3743114471435547,1.1684366464614868,-0.23432299494743347,1.3386017084121704,1.099317193031311,-0.1738932579755783,1.5366395711898804,1.0960383415222168,-0.22319462895393372,1.4744716882705688,1.1103699207305908,-0.19428417086601257,1.4816162586212158,1.2216243743896484,-0.21578046679496765,1.3902106285095215,1.2118198871612549,-0.19504518806934357,1.3949228525161743,-0.9408384561538696,-0.31294968724250793,1.4837737083435059,-1.2717885971069336,-0.36983364820480347,1.0513123273849487,-1.0108656883239746,-0.36708855628967285,1.2511956691741943,-1.0138754844665527,-0.37709856033325195,1.2130553722381592,-0.9913178086280823,-0.34558817744255066,1.2970161437988281,-0.6434280276298523,-0.28523439168930054,1.6119904518127441,-0.9626703858375549,-0.2932358384132385,1.3088586330413818,-0.9795951247215271,-0.30570799112319946,1.2758773565292358,-1.1920104026794434,-0.33820271492004395,1.0028159618377686,-1.2041699886322021,-0.2952030301094055,0.9965139627456665,-0.9605414867401123,-0.33745548129081726,1.2048757076263428,-0.9943890571594238,-0.3559550344944,1.1690462827682495,-0.958612322807312,-0.3541339337825775,1.1890212297439575,-0.6542351245880127,-0.29241353273391724,1.5577137470245361,-0.7380951046943665,-0.25168538093566895,1.46026611328125,-0.4801238775253296,-0.06857186555862427,1.2635650634765625,0.2717909812927246,-0.06375256180763245,1.309356451034546,0.24836337566375732,-0.07739002257585526,1.3075478076934814,0.4390609562397003,-0.11364331096410751,1.2880915403366089,0.47947049140930176,-0.07508988678455353,1.228582501411438,0.5130364894866943,-0.10794921219348907,1.3699129819869995,0.6667051911354065,-0.11705023050308228,1.3018118143081665,0.6671197414398193,-0.1289934515953064,1.2827730178833008,0.6880638599395752,-0.1923525184392929,1.4714021682739258,0.6703646183013916,-0.2172095626592636,1.5609042644500732,0.8135004043579102,-0.2059154063463211,1.426957607269287,1.0638400316238403,-0.28557831048965454,1.2580578327178955,1.1237056255340576,-0.25904425978660583,1.2397021055221558,1.1535512208938599,-0.2940308153629303,1.2036612033843994,1.1993000507354736,-0.26012536883354187,1.1693246364593506,0.9454044699668884,-0.22041302919387817,1.432883858680725,1.289834976196289,-0.29277342557907104,1.1474965810775757,-1.0400267839431763,-0.3615512549877167,1.3572357892990112,-1.0673778057098389,-0.3025234341621399,1.0889430046081543,-1.1056374311447144,-0.30592697858810425,1.0492433309555054,-0.5664030313491821,-0.2855567932128906,1.6900746822357178,-0.6981222629547119,-0.152121439576149,1.2030800580978394,-0.7023845314979553,-0.1427234560251236,1.1739106178283691,-0.655095100402832,-0.13068677484989166,1.174098253250122,-0.5456346869468689,-0.06780895590782166,1.1715002059936523,-0.28619489073753357,-0.03673459589481354,1.2857683897018433,-0.2761189341545105,-0.06049385666847229,1.285104513168335,0.5327536463737488,-0.1923777312040329,1.5509618520736694,0.5425372123718262,-0.20968693494796753,1.6205649375915527,0.9524357318878174,-0.18469984829425812,1.3954172134399414,0.9972471594810486,-0.17160886526107788,1.3300747871398926,0.8473079800605774,-0.21877776086330414,1.4515864849090576,1.0774145126342773,-0.23655405640602112,1.2437264919281006,0.9289448261260986,-0.2093937247991562,1.4775900840759277,0.856289803981781,-0.2017461210489273,1.5388625860214233,1.0521245002746582,-0.2031300961971283,1.474761962890625,1.0985387563705444,-0.214359849691391,1.423527479171753,1.2304913997650146,-0.24222810566425323,1.300811767578125,1.2530878782272339,-0.26546552777290344,1.1983855962753296,1.2426925897598267,-0.21425044536590576,1.3019952774047852,-1.2286293506622314,-0.3823973834514618,1.0437805652618408,-1.2254732847213745,-0.3255493640899658,1.0148637294769287,-1.0409024953842163,-0.3727310597896576,1.1577692031860352,-1.1613664627075195,-0.37124761939048767,1.052383303642273,-1.1465916633605957,-0.3388220965862274,1.0150972604751587,-0.9131360054016113,-0.2858174741268158,1.2270493507385254,-0.479856014251709,-0.10954907536506653,1.2705276012420654,-0.5265864729881287,-0.10210369527339935,1.221211314201355,-0.5671259164810181,-0.0971856638789177,1.2068915367126465,-0.4342820644378662,-0.08681046217679977,1.245230793952942,-0.47493523359298706,-0.0786854699254036,1.1738680601119995,-0.49264514446258545,-0.06015879660844803,1.1692196130752563,0.47673195600509644,-0.05859221890568733,1.2382484674453735,0.8738497495651245,-0.2129223495721817,1.3774137496948242,0.9158276915550232,-0.23887887597084045,1.404135823249817,0.9599682092666626,-0.2475350946187973,1.3778553009033203,1.1713731288909912,-0.2507365942001343,1.3197054862976074,-1.2137019634246826,-0.38040512800216675,1.141666293144226,-1.2262505292892456,-0.4023228883743286,1.1111536026000977,-1.235219955444336,-0.3885730803012848,1.1103700399398804,-1.0516252517700195,-0.31254589557647705,1.2341561317443848,-1.0220140218734741,-0.3390449285507202,1.1501222848892212,-0.9769614934921265,-0.339435338973999,1.1734553575515747,-0.3634564280509949,-0.059497952461242676,1.2484771013259888,-0.17390191555023193,-0.06330089271068573,1.3811109066009521,-0.1689893752336502,-0.04719560593366623,1.371641755104065,0.24265263974666595,-0.08991211652755737,1.3180006742477417,0.2169252336025238,-0.20651839673519135,1.7254877090454102,0.42856937646865845,-0.18998807668685913,1.7462425231933594,0.4495081901550293,-0.21518123149871826,1.772133231163025,0.5395106673240662,-0.20338751375675201,1.735295057296753,0.8328776359558105,-0.16790801286697388,1.6203207969665527,0.8348501920700073,-0.16668911278247833,1.6680275201797485,0.8650542497634888,-0.13826853036880493,1.6185752153396606,0.8880739212036133,-0.16467343270778656,1.611449956893921,0.8990345001220703,-0.14217086136341095,1.6432569026947021,-1.0034147500991821,-0.33272361755371094,1.4511661529541016,-1.016716480255127,-0.316097229719162,1.4420561790466309,-0.7988837361335754,-0.2937743365764618,1.5871058702468872,-0.7981927394866943,-0.27744099497795105,1.5608751773834229,-1.2386631965637207,-0.32327938079833984,1.0749605894088745,-1.2674763202667236,-0.3318173587322235,1.041210412979126,-1.1366424560546875,-0.3897976577281952,1.0961657762527466,-1.084864854812622,-0.3150356411933899,1.1942304372787476,-0.9230603575706482,-0.2815927267074585,1.3341251611709595,-0.5231337547302246,-0.2721966803073883,1.718169927597046,0.4381783902645111,-0.08213144540786743,1.2967313528060913,0.3643490970134735,-0.1251991242170334,1.5314754247665405,0.6962888836860657,-0.1340845823287964,1.3363680839538574,0.5941513776779175,-0.12882931530475616,1.4353126287460327,0.8156741261482239,-0.16102780401706696,1.3235000371932983,0.8782323598861694,-0.17272211611270905,1.304758071899414,0.814552903175354,-0.20286579430103302,1.3588005304336548,1.1095563173294067,-0.19838562607765198,1.2125780582427979,1.129122018814087,-0.21334631741046906,1.2117260694503784,1.1067187786102295,-0.27148714661598206,1.2779779434204102,1.0292677879333496,-0.18781177699565887,1.4578857421875,1.2043601274490356,-0.17749729752540588,1.300398826599121,-1.241915225982666,-0.3829529881477356,1.0707159042358398,-1.2583081722259521,-0.35511207580566406,1.020499348640442,-0.6972209811210632,-0.1186462938785553,1.171841025352478,-0.5440366268157959,-0.06621898710727692,1.1959043741226196,-0.4305482506752014,-0.06399108469486237,1.2107038497924805,1.1595778465270996,-0.18600772321224213,1.30825674533844,1.3470396995544434,-0.21269629895687103,1.1400524377822876,1.344054937362671,-0.2160191386938095,1.1617071628570557,-1.0250509977340698,-0.3732159733772278,1.191970705986023,-1.0607681274414062,-0.3186936378479004,1.109548807144165,-1.0857080221176147,-0.3399413824081421,1.074591875076294,0.6151731014251709,-0.19526810944080353,1.6847389936447144,1.3460195064544678,-0.18739205598831177,1.1567329168319702,1.1542879343032837,-0.215020090341568,1.421738624572754,-0.4155861735343933,-0.07882586121559143,1.3423926830291748,1.067989706993103,-0.19305287301540375,1.4753953218460083,-0.9980157017707825,-0.29439154267311096,1.1519652605056763,1.2483171224594116,-0.2818809151649475,1.1330534219741821,1.0674093961715698,-0.19597427546977997,1.4588172435760498,-1.0446207523345947,-0.39845192432403564,1.1661899089813232,-0.4983189105987549,-0.05171426013112068,0.944912314414978,-0.5022761225700378,-0.05233161523938179,0.9588285088539124,-0.4865274131298065,-0.08241526782512665,0.9450706839561462,-0.49677151441574097,-0.0841900184750557,0.9566808342933655,-0.4490787386894226,-0.056603629142045975,1.0198743343353271,-0.4618596136569977,-0.0631004273891449,0.9935542345046997,-0.4512747526168823,-0.03294582664966583,0.9682170748710632,-0.4365215003490448,-0.020038137212395668,1.0106815099716187,-0.45173799991607666,-0.0877007246017456,0.9918025135993958,-0.4631410539150238,-0.1145239919424057,0.9696387648582458,-0.40633711218833923,-0.051167331635951996,1.0875968933105469,-0.436820924282074,-0.11635859310626984,0.9698328971862793,-0.44872280955314636,-0.07251718640327454,0.9853769540786743,-0.42915844917297363,-0.11719407886266708,1.012709379196167,-0.4260055422782898,-0.08175712078809738,1.0154895782470703,-0.3937986493110657,-0.022706706076860428,1.0632728338241577,-0.41636621952056885,-0.07042086869478226,1.0164003372192383,-0.4143541157245636,-0.09383676946163177,1.0379219055175781,-0.40857237577438354,-0.08054662495851517,1.075434923171997,-0.41227230429649353,-0.05190933495759964,1.1285314559936523,-0.41718029975891113,-0.11186112463474274,1.1019976139068604,-0.34929293394088745,-0.004427758976817131,1.169081211090088,-0.3683069944381714,0.004256590735167265,1.1240004301071167,-0.39406463503837585,-0.07261183112859726,1.1596853733062744,-0.32926255464553833,0.011964056640863419,1.1101043224334717,-0.32280462980270386,-0.08157722651958466,1.2115635871887207,-0.36660757660865784,-0.13445866107940674,1.1468784809112549,-0.31686264276504517,0.014132226817309856,1.159775733947754,-0.2776094079017639,-0.0019782627932727337,1.1660540103912354,-0.270722359418869,-0.024905702099204063,1.2269763946533203,-0.24014735221862793,-0.02402905561029911,1.2272090911865234,-0.22430844604969025,-0.12997497618198395,1.2802245616912842,-0.30293264985084534,-0.1348922848701477,1.2011604309082031,-0.22305847704410553,-0.04599461704492569,1.2747622728347778,-0.25613173842430115,-0.08199389278888702,1.2703907489776611,-0.20364464819431305,-0.06708933413028717,1.3121922016143799,-0.17927993834018707,-0.08646959066390991,1.3452022075653076,-0.16833943128585815,-0.14126262068748474,1.333021640777588,-0.22882528603076935,-0.16066743433475494,1.2209264039993286,-0.19870108366012573,-0.03161992132663727,1.7598114013671875,-0.16963864862918854,0.002200186252593994,1.407880425453186,-0.13832297921180725,0.06842424720525742,0.852516770362854,-0.1827297806739807,0.022561416029930115,0.8479187488555908,-0.1564144492149353,-0.06836849451065063,0.861579179763794,-0.2006329447031021,-0.09942147135734558,0.8507975339889526,-0.18487820029258728,-0.02497502788901329,1.6584432125091553,-0.20069770514965057,-0.042540542781353,1.7889268398284912,-0.1683807522058487,-0.03582914173603058,1.7311042547225952,-0.1579543501138687,-0.00592748261988163,1.6716735363006592,-0.1651795506477356,-0.0354151576757431,1.6218335628509521,-0.12494413554668427,-0.00970936007797718,1.043030858039856,-0.15510204434394836,-0.05984370410442352,1.0028982162475586,-0.1540752351284027,-0.13011877238750458,0.9875969886779785,-0.1602359563112259,-0.06448028236627579,1.5554108619689941,-0.25940772891044617,0.26117801666259766,0.19298629462718964,-0.27325767278671265,0.2635302245616913,0.11781018227338791,-0.2819141745567322,0.23627866804599762,0.10298825800418854,-0.1390063762664795,-0.14002162218093872,1.3845146894454956,-0.1351965218782425,-0.07596549391746521,1.3450357913970947,-0.12434829026460648,-0.09436603635549545,1.3187899589538574,-0.14411184191703796,-0.15142011642456055,1.3670905828475952,-0.12325636297464371,-0.17532163858413696,1.306665062904358,-0.20113229751586914,-0.04591158404946327,0.4998122453689575,-0.20766504108905792,-0.02047117054462433,0.4119313359260559,-0.2164956033229828,0.056893862783908844,0.39071720838546753,-0.22378090023994446,0.020118603482842445,0.4005507826805115,-0.1666666865348816,-0.030133221298456192,1.6955987215042114,-0.12331321835517883,-0.12960806488990784,1.2753134965896606,-0.12784312665462494,-0.12216487526893616,1.234994888305664,-0.12962305545806885,-0.1625775396823883,1.249903917312622,-0.15926162898540497,-0.18261834979057312,1.2431542873382568,-0.21009743213653564,0.10351154953241348,0.34194135665893555,-0.14354388415813446,-0.13548673689365387,1.5660227537155151,-0.14815446734428406,-0.055250268429517746,1.5537043809890747,-0.1471708118915558,-0.09252108633518219,1.5534133911132812,-0.17151692509651184,-0.13360652327537537,0.5584627985954285,-0.1050272285938263,-0.027258893474936485,1.8002113103866577,-0.10964063555002213,-0.15534189343452454,1.192641019821167,-0.12051334977149963,-0.06017917022109032,1.1666985750198364,-0.12290744483470917,-0.1451590359210968,0.7408138513565063,-0.12237570434808731,0.019028309732675552,1.7335474491119385,-0.11141149699687958,-0.17205612361431122,1.3898487091064453,-0.1039968729019165,-0.11189082264900208,0.8418097496032715,-0.1434554159641266,-0.12609553337097168,0.8658984899520874,-0.12205250561237335,-0.2049252688884735,0.9096393585205078,-0.10960984230041504,-0.21571612358093262,0.8474830389022827,-0.26020345091819763,0.19470345973968506,0.07449303567409515,-0.08630658686161041,0.04674533009529114,1.724968433380127,-0.10072176158428192,-0.016478411853313446,1.7818834781646729,-0.13969039916992188,-0.12925010919570923,1.4559098482131958,-0.12198500335216522,-0.14450910687446594,1.5184829235076904,-0.17879211902618408,0.07366842776536942,0.3970879018306732,-0.20354297757148743,0.13187088072299957,0.32114356756210327,-0.2558838129043579,0.1528509110212326,0.09869818389415741,-0.19973042607307434,0.28374648094177246,0.2521812915802002,-0.10025829076766968,-0.0880960151553154,1.3257840871810913,-0.15613962709903717,-0.1409144252538681,0.5193198919296265,-0.20554892718791962,0.2632393538951874,0.080764040350914,-0.24720163643360138,0.2720225155353546,0.07815808802843094,-0.10695847868919373,-0.05609671771526337,1.570028305053711,-0.10301627218723297,-0.09686830639839172,1.5320134162902832,-0.02648952044546604,-0.22056737542152405,0.9012508392333984,-0.08976772427558899,0.08882143348455429,0.8562560677528381,-0.22174930572509766,0.007174678146839142,0.2735289931297302,-0.19735851883888245,0.08940280973911285,0.2105948030948639,-0.18257513642311096,0.23318859934806824,0.26504525542259216,-0.08583752810955048,-0.07274694740772247,1.296440839767456,-0.09447494894266129,-0.08224062621593475,1.2504143714904785,-0.04979480057954788,-0.20582661032676697,1.2854156494140625,-0.1292947381734848,-0.07492366433143616,0.6430805921554565,-0.10366561263799667,-0.1486867368221283,0.7324715852737427,-0.06899397075176239,-0.11531774699687958,0.8047008514404297,-0.18736301362514496,0.12227901071310043,0.18389439582824707,-0.2043875902891159,0.18390129506587982,0.08289556950330734,-0.10300561785697937,-0.1951969712972641,1.5262316465377808,-0.08524464815855026,-0.08611676096916199,1.3637436628341675,-0.05457654967904091,-0.06628955900669098,1.30355966091156,-0.12360011786222458,-0.15920862555503845,0.5345297455787659,-0.10108804702758789,-0.1460295170545578,0.5439817905426025,-0.13162535429000854,-0.03250503912568092,0.5497573018074036,-0.07949694991111755,-0.18365757167339325,1.4836595058441162,-0.05826270207762718,-0.13957521319389343,1.4433563947677612,-0.0999237671494484,-0.09236577153205872,1.416994571685791,-0.10746632516384125,-0.06872861832380295,0.531971275806427,-0.05488576367497444,0.0045046694576740265,1.7826097011566162,-0.08698830008506775,-0.2182949185371399,1.6829655170440674,-0.019201237708330154,-0.19673344492912292,0.9836734533309937,-0.059679869562387466,-0.15042275190353394,1.4680931568145752,-0.03482974320650101,-0.18002775311470032,1.4518202543258667,-0.058350708335638046,-0.1632137894630432,1.4324229955673218,-0.030615588650107384,-0.2169862985610962,1.6113338470458984,-0.07435782253742218,-0.22185678780078888,1.5500621795654297,-0.03876118361949921,-0.11402098089456558,1.481972098350525,-0.08485250920057297,-0.10580508410930634,0.6193081140518188,0.002037130296230316,-0.033473338931798935,1.8150314092636108,-0.04336320981383324,0.06264572590589523,1.6892130374908447,-0.017411835491657257,-0.2412967085838318,1.5584709644317627,-0.03887537494301796,-0.22815585136413574,1.493505835533142,-0.0205554012209177,-0.12133407592773438,1.4457752704620361,-0.011230550706386566,-0.22916628420352936,1.4945579767227173,0.009198630228638649,-0.09042452275753021,1.4257938861846924,-0.013210149481892586,-0.07170044630765915,1.2965185642242432,-0.006104812026023865,0.022551272064447403,1.7759557962417603,0.0027683041989803314,-0.12017799913883209,1.4888955354690552,0.001835417002439499,-0.1737966239452362,1.4711300134658813,0.021050097420811653,0.03801891207695007,1.7282054424285889,0.012986868619918823,-0.020530536770820618,1.7923283576965332,5.29363751411438e-05,-0.16843950748443604,1.4400510787963867,0.04935387521982193,-0.18490684032440186,1.5160787105560303,0.0069533586502075195,-0.1447538435459137,1.4524598121643066,0.06365690380334854,-0.2893223464488983,0.6481897830963135,0.031480997800827026,-0.07785108685493469,1.519720196723938,0.09937585890293121,-0.3303464353084564,0.5865588784217834,0.03184255585074425,-0.22438490390777588,1.2348206043243408,0.07136616110801697,-0.08482184261083603,1.2728862762451172,0.07326316088438034,-0.07238642126321793,1.1494940519332886,0.19301462173461914,-0.3455486595630646,0.13897277414798737,0.22622331976890564,-0.3290526568889618,0.120634526014328,0.1708219200372696,-0.21063506603240967,0.21314549446105957,0.04473899304866791,-0.19990256428718567,1.2299593687057495,0.03671069070696831,-0.21547077596187592,1.154128074645996,0.053791746497154236,-0.22446072101593018,0.7850281000137329,0.17454588413238525,-0.24703046679496765,0.1541701853275299,0.06608892977237701,-0.027722414582967758,1.7504181861877441,0.04668693616986275,-0.2055051177740097,1.6912909746170044,0.03720522299408913,-0.2004968822002411,1.5994337797164917,0.03779086843132973,-0.2124364972114563,1.5485179424285889,0.08693911135196686,-0.13666664063930511,0.8811352252960205,0.12388395518064499,-0.025722509250044823,1.7808315753936768,0.037735432386398315,-0.06986549496650696,1.57467782497406,0.039092689752578735,-0.09624511003494263,1.5497506856918335,0.1485457569360733,-0.271171897649765,0.40407150983810425,0.150669127702713,-0.26683515310287476,0.3496858477592468,0.19017747044563293,-0.1975269764661789,0.19756416976451874,0.06693173944950104,-0.0344381183385849,1.8445837497711182,0.08371713757514954,-0.12001807987689972,1.43861722946167,0.09534347057342529,-0.1996394693851471,0.8715388774871826,0.07371865957975388,-0.11937195062637329,0.8610318899154663,0.11959937959909439,-0.17328980565071106,0.8683093786239624,0.09822776913642883,-0.13747182488441467,0.7287691235542297,0.24614053964614868,-0.3440493047237396,0.13561712205410004,0.08210131525993347,-0.03504309058189392,1.7651861906051636,0.06790399551391602,-0.17061832547187805,1.1295957565307617,0.07785654813051224,-0.19574308395385742,1.245347499847412,0.08379696309566498,-0.21495118737220764,1.2357547283172607,0.1292610764503479,-0.16283391416072845,0.9196154475212097,0.07717236876487732,-0.14225849509239197,1.60856032371521,0.06835965067148209,-0.06351524591445923,1.5849251747131348,0.07043727487325668,-0.09141920506954193,1.5767325162887573,0.08066655695438385,-0.10711468011140823,1.5778405666351318,0.09098879992961884,-0.1252804696559906,1.5563626289367676,0.1307588517665863,-0.23792533576488495,0.680457592010498,0.11627250909805298,-0.2762386202812195,0.739190399646759,0.10106615722179413,-0.1738051027059555,1.3925544023513794,0.11517778038978577,-0.09246306866407394,1.359370231628418,0.07369056344032288,-0.09884625673294067,1.3678436279296875,0.08214453607797623,-0.10627882182598114,1.335747241973877,0.10731244087219238,-0.13185356557369232,0.8459901809692383,0.23587478697299957,-0.2300654947757721,0.18901535868644714,0.2529844343662262,-0.24942529201507568,0.1740095615386963,0.08904559910297394,-0.04909166321158409,1.7189440727233887,0.11487670987844467,-0.12788334488868713,1.4165531396865845,0.20998284220695496,-0.32179874181747437,0.40193527936935425,0.11270195245742798,-0.03011678345501423,1.6874552965164185,0.0816851481795311,-0.0051917582750320435,1.6860162019729614,0.09768226742744446,-0.039790309965610504,1.6547152996063232,0.2455231249332428,-0.28998661041259766,0.23791080713272095,0.2699710726737976,-0.31548237800598145,0.15049447119235992,0.23817695677280426,-0.359218955039978,0.1624055653810501,0.15971249341964722,0.0067423125728964806,0.9298503398895264,0.14983873069286346,-0.017402760684490204,0.8230076432228088,0.12585507333278656,-0.045037999749183655,1.7820936441421509,0.17093180119991302,0.03700891137123108,0.8228999972343445,0.18566268682479858,0.02188785746693611,0.8833245635032654,0.15026740729808807,-0.10546205937862396,1.3601481914520264,0.17384390532970428,-0.1272730976343155,1.3401570320129395,0.12004859745502472,-0.1675315499305725,1.3588969707489014,0.1839156150817871,-0.0922224149107933,1.3143572807312012,0.17900633811950684,-0.08666887879371643,1.2897213697433472,0.2297053337097168,-0.1707913726568222,1.2441275119781494,0.21334612369537354,-0.13635629415512085,1.3022735118865967,0.23428308963775635,-0.06845084577798843,1.2659239768981934,0.269258052110672,-0.023525431752204895,1.2025363445281982,0.2976377606391907,-0.02907661348581314,1.2237303256988525,0.285479336977005,-0.08114239573478699,1.2548171281814575,0.280165433883667,-0.1398705542087555,1.2460936307907104,0.3276485204696655,-0.02157532423734665,1.173340916633606,0.3826562166213989,-0.09982124716043472,1.2054239511489868,0.3790568709373474,-0.06294366717338562,1.200381875038147,0.356671005487442,-0.029283635318279266,1.1822922229766846,0.37635985016822815,-0.14785999059677124,1.160233497619629,0.38451409339904785,-0.08732622116804123,1.1506483554840088,0.37171077728271484,-0.05991777405142784,1.1461900472640991,0.49081072211265564,-0.06656880676746368,1.0432515144348145,0.3776116371154785,-0.11510490626096725,1.1365665197372437,0.3981260061264038,-0.12088104337453842,1.1036239862442017,0.43240582942962646,-0.04765065014362335,1.0788708925247192,0.3993798494338989,-0.09269247949123383,1.0874345302581787,0.4141917824745178,-0.12437308579683304,1.0769853591918945,0.4396500289440155,-0.09009581059217453,1.063338041305542,0.4649660885334015,-0.07935070991516113,1.0651391744613647,0.4385816156864166,-0.13136225938796997,1.0449217557907104,0.4552558660507202,-0.10554773360490799,1.051706075668335,0.4433334469795227,-0.11842650920152664,1.0518757104873657,0.49350976943969727,-0.06555736064910889,1.020442247390747,0.46539801359176636,-0.12455374002456665,1.0376640558242798,0.4636673033237457,-0.06639842689037323,1.032818078994751,0.49251341819763184,-0.09716319292783737,1.018290400505066,0.5017111301422119,-0.08313299715518951,1.0316171646118164,-0.38923656940460205,-0.023582804948091507,1.0905842781066895,-0.393483966588974,-0.08722075819969177,1.0563712120056152,-0.37276798486709595,-0.06516825407743454,1.056989073753357,-0.39806318283081055,-0.1292777955532074,1.0845098495483398,-0.3200913667678833,-0.020732078701257706,1.081152319908142,-0.3682859539985657,-0.12406869977712631,1.0665923357009888,-0.20992904901504517,-0.06405989080667496,1.244058609008789,-0.22503544390201569,-0.12252642214298248,1.19720458984375,-0.17011237144470215,-0.10290460288524628,0.9561326503753662,-0.17705564200878143,-0.017607923597097397,0.9219906330108643,-0.1308000385761261,0.049124255776405334,0.9192375540733337,-0.1692565381526947,0.0551590733230114,1.2278276681900024,-0.17198914289474487,0.05173463746905327,1.1629726886749268,-0.1829894632101059,0.07816632837057114,1.1304329633712769,-0.15480545163154602,-0.01455607358366251,0.9549849033355713,-0.2085949331521988,-0.054888494312763214,1.757428526878357,-0.14356115460395813,-0.09584052860736847,1.360772728919983,-0.17032299935817719,-0.070207878947258,1.3014695644378662,-0.12089623510837555,0.08611731976270676,1.0162445306777954,-0.16559278964996338,0.08705615997314453,0.9311695098876953,-0.2687361538410187,0.19647903740406036,0.20769056677818298,-0.2846585512161255,0.21705637872219086,0.13406898081302643,-0.1794867068529129,-0.06386934220790863,1.7392908334732056,-0.16665297746658325,-0.055352840572595596,1.6777331829071045,-0.143602654337883,-0.1955508142709732,1.2106738090515137,-0.14705336093902588,-0.20337289571762085,1.1783415079116821,-0.1530049592256546,-0.22581341862678528,1.1676857471466064,-0.14908774197101593,0.014121653512120247,1.3652807474136353,-0.13652460277080536,0.007970606908202171,1.3608784675598145,-0.11719823628664017,-0.19999375939369202,1.2303025722503662,-0.13697858154773712,-0.10161416232585907,1.2065515518188477,-0.24715135991573334,0.11392926424741745,0.224502831697464,-0.24609030783176422,0.13030961155891418,0.2750302851200104,-0.10749542713165283,0.04099346697330475,1.2194504737854004,-0.14561490714550018,-0.14347459375858307,1.4694199562072754,-0.14423450827598572,-0.13689075410366058,1.4433300495147705,-0.13136355578899384,-0.13305746018886566,1.4171905517578125,-0.14646393060684204,-0.1304117739200592,1.4189438819885254,-0.14375737309455872,-0.14447526633739471,1.3989287614822388,-0.14414699375629425,-0.11638419330120087,0.7830130457878113,-0.16028782725334167,-0.08135157078504562,0.770295262336731,-0.129684716463089,0.1516886055469513,1.0194580554962158,-0.12208205461502075,0.1473800092935562,1.0755906105041504,-0.1081080362200737,-0.18783320486545563,1.2308000326156616,-0.13020002841949463,-0.10266674309968948,0.8542689085006714,-0.23163074254989624,0.22866418957710266,0.267173707485199,-0.23596683144569397,0.2668007016181946,0.24581797420978546,-0.14314214885234833,-0.18572093546390533,0.8484352231025696,-0.1286977380514145,0.10899382084608078,1.193188190460205,-0.13620150089263916,-0.19149744510650635,1.6728683710098267,-0.13029712438583374,-0.0805739238858223,1.5551543235778809,-0.11707230657339096,0.012907333672046661,1.5091173648834229,-0.10712720453739166,-0.016563283279538155,1.571821928024292,-0.1298319399356842,-0.026371613144874573,1.5468623638153076,-0.12404204905033112,-0.01049881987273693,1.4588038921356201,-0.0751839131116867,0.05463387817144394,1.540541410446167,-0.11067003011703491,-0.12726789712905884,1.5104577541351318,-0.09184599667787552,0.0427989736199379,0.9741628766059875,-0.1334928423166275,-0.036032646894454956,1.845260500907898,-0.14198410511016846,-0.04574132710695267,1.839951992034912,-0.1463797390460968,-0.06005675718188286,1.8292988538742065,-0.031191235408186913,-0.006697569042444229,1.434769868850708,-0.11039550602436066,0.03554363548755646,1.4116923809051514,-0.17746417224407196,0.25860342383384705,0.16112107038497925,-0.0704662874341011,0.08886490017175674,1.3339505195617676,-0.09761988371610641,-0.20027627050876617,1.5787901878356934,-0.15921232104301453,-0.0278085395693779,0.408163458108902,-0.07194516062736511,-0.014563523232936859,1.5056025981903076,-0.08127246052026749,-0.07379745692014694,1.5035157203674316,-0.05817282944917679,0.05979809910058975,1.4536566734313965,-0.04066071659326553,0.05518047511577606,0.8481698036193848,-0.16144244372844696,0.05234086886048317,0.403436541557312,-0.07897373288869858,0.12596097588539124,0.9209320545196533,-0.04039795696735382,0.03549374267458916,1.038956642150879,-0.08190406858921051,-0.214412122964859,1.2256762981414795,-0.07958029955625534,-0.18199697136878967,1.1376581192016602,-0.1527242362499237,0.0401768833398819,0.3674975633621216,-0.14163760840892792,0.061446841806173325,0.305001825094223,-0.1662975698709488,0.10316956043243408,0.3385752737522125,-0.06884226948022842,-0.03736026957631111,1.534347653388977,-0.07030737400054932,-0.14638975262641907,0.6738256216049194,-0.10239660739898682,-0.07817193865776062,0.6367125511169434,-0.06130538880825043,0.16615593433380127,1.059119462966919,-0.07037638127803802,0.16292127966880798,0.9669134616851807,-0.02621498331427574,-0.218613862991333,1.1566596031188965,-0.16226769983768463,0.18230040371418,0.2160971462726593,-0.06496436893939972,0.10473888367414474,0.9647384881973267,-0.06230612471699715,0.07541476935148239,1.009924292564392,0.0022888444364070892,-0.024766691029071808,1.5169371366500854,-0.06554259359836578,-0.19158519804477692,1.3836710453033447,-0.012207873165607452,0.10696150362491608,1.3080381155014038,0.02295529656112194,-0.005757568404078484,1.4224421977996826,-0.002222411334514618,-0.03937701880931854,1.5262959003448486,-0.004007299896329641,0.11118170619010925,0.9699501991271973,0.013059940189123154,0.10521520674228668,0.9211500287055969,-0.004319863393902779,-0.20509381592273712,1.375338077545166,0.007770103868097067,0.03855780512094498,1.0339529514312744,-0.002700785407796502,-0.2150355875492096,1.0983092784881592,0.07256484031677246,0.09073036164045334,1.3351755142211914,0.027014391496777534,-0.06901796907186508,1.3152046203613281,0.05420403182506561,0.051819849759340286,1.4638339281082153,0.02513926848769188,-0.004432380199432373,1.4684257507324219,0.043444566428661346,-0.055419810116291046,1.22366201877594,0.04106100648641586,0.10176759958267212,0.9064737558364868,0.01794613152742386,-0.07301390916109085,1.78607976436615,0.16115815937519073,-0.313728928565979,0.16261905431747437,0.17234361171722412,-0.30631116032600403,0.12926116585731506,0.1466740220785141,-0.2563546299934387,0.20763054490089417,0.0016386527568101883,-0.21758460998535156,1.6876585483551025,0.06485217809677124,-0.17774760723114014,0.7132710218429565,0.09430907666683197,-0.008008609525859356,1.4427357912063599,0.05207221210002899,-0.14246904850006104,1.520977258682251,0.09243221580982208,-0.15375050902366638,1.4482475519180298,0.046403415501117706,-0.10588483512401581,1.4239463806152344,0.11915897578001022,-0.27184629440307617,0.4648188352584839,0.1457919031381607,-0.3726643919944763,0.32989728450775146,0.1659105271100998,-0.2701020836830139,0.3198893666267395,0.07607468962669373,0.11586982756853104,0.974661111831665,0.05533679574728012,0.14528688788414001,0.9345799684524536,0.08638889342546463,-0.22267736494541168,0.8032273054122925,0.10683588683605194,-0.21907098591327667,0.6731601357460022,0.02697869762778282,-0.1254172921180725,1.7831650972366333,0.07301156967878342,-0.13681016862392426,1.738659381866455,0.10918799042701721,-0.34319719672203064,0.6338668465614319,0.04181274026632309,-0.06113959476351738,1.7986321449279785,0.0686727985739708,-0.07991509139537811,1.7486697435379028,0.08704706281423569,-0.09974054992198944,1.1388986110687256,0.09174153208732605,-0.08368996530771255,1.1096489429473877,0.0854237973690033,-0.15906912088394165,1.0868275165557861,0.059803932905197144,-0.18809998035430908,1.6785885095596313,0.06726928800344467,-0.1289653778076172,1.5553796291351318,0.06508592516183853,-0.17612501978874207,1.5627562999725342,0.11954163014888763,0.10688077658414841,0.931528627872467,0.09800035506486893,-0.16887158155441284,1.2836456298828125,0.11692940443754196,-0.22216729819774628,1.2235438823699951,0.10192888230085373,-0.13944783806800842,1.2377692461013794,0.217642143368721,-0.26066577434539795,0.2731160521507263,0.20136405527591705,-0.35128796100616455,0.25670576095581055,0.2219509482383728,-0.33957725763320923,0.24384623765945435,0.08310313522815704,-0.05256551504135132,1.7672326564788818,0.11306721717119217,-0.18729464709758759,1.2805694341659546,0.18877185881137848,-0.2766348719596863,0.5119849443435669,0.15775755047798157,-0.32365870475769043,0.5708855986595154,0.20109522342681885,-0.29794538021087646,0.462536096572876,0.10831485688686371,-0.1731211245059967,1.436911702156067,0.09192179888486862,-0.16752444207668304,1.4318432807922363,0.11892013251781464,-0.13666954636573792,1.4031834602355957,0.12079782783985138,0.0739058405160904,0.8929600715637207,0.11608920991420746,-0.1065385565161705,0.8556732535362244,0.2323220819234848,-0.3046067953109741,0.34959328174591064,0.23789696395397186,-0.33312660455703735,0.35600847005844116,0.12803231179714203,-0.12061618268489838,1.3985565900802612,0.1582432985305786,0.03881319612264633,1.2464314699172974,0.15952567756175995,0.07288852334022522,1.2147953510284424,0.1366996169090271,-0.25983721017837524,1.1002272367477417,0.1589774191379547,-0.040087390691041946,0.9677267074584961,0.16067397594451904,-0.09426978975534439,0.962533712387085,0.1994846761226654,-0.05684109777212143,1.2477307319641113,0.30960386991500854,-0.11070843786001205,1.121813178062439,0.3073435127735138,-0.05331093445420265,1.12630295753479,0.32198601961135864,-0.1710667610168457,1.1721574068069458,-0.376709908246994,-0.028975417837500572,1.057884693145752,-0.4064931869506836,-0.08910005539655685,1.0220046043395996,-0.3008422553539276,-0.12560974061489105,1.1153905391693115,-0.3079645335674286,-0.15094643831253052,1.1613786220550537,-0.25971078872680664,-0.09006714075803757,1.138045072555542,-0.2416820228099823,-0.04769438877701759,1.17439866065979,-0.1951148509979248,-0.15068066120147705,0.8682425618171692,-0.1978289783000946,0.08507081121206284,0.9767681360244751,-0.18747487664222717,0.06962008774280548,1.0897213220596313,-0.17012211680412292,-0.26131516695022583,1.053627371788025,-0.13260075449943542,-0.16764488816261292,0.9530061483383179,-0.2569923400878906,0.05913538485765457,0.3321134150028229,-0.23993486166000366,0.008149301633238792,0.31286466121673584,-0.17133332788944244,-0.027054866775870323,0.5394120216369629,-0.1538216918706894,-0.19288703799247742,0.8536514043807983,-0.1591310203075409,-0.11315024644136429,0.6190474033355713,-0.15115495026111603,-0.1384606659412384,0.6785889863967896,-0.14069101214408875,-0.0710987076163292,0.6772829294204712,-0.1147807389497757,-0.026091665029525757,1.1078747510910034,-0.1090574786067009,-0.09452050179243088,1.1252634525299072,-0.09150071442127228,0.1384742259979248,1.1518023014068604,-0.1186022013425827,-0.01130140945315361,0.8435764908790588,-0.19749368727207184,-0.010865037329494953,0.3118830919265747,-0.11388295888900757,-0.06390801817178726,1.2154186964035034,-0.10061552375555038,-0.054098568856716156,1.1408613920211792,-0.17398515343666077,-0.07417544722557068,0.4413638412952423,-0.136394664645195,-0.06880081444978714,1.7636247873306274,-0.13601115345954895,-0.11014534533023834,1.7579312324523926,-0.0861053466796875,-0.1396951526403427,1.7788364887237549,-0.0995187982916832,-0.18581373989582062,1.7439619302749634,-0.11871673166751862,-0.19665685296058655,1.6345350742340088,-0.16729262471199036,0.0030456790700554848,0.3618873655796051,-0.0689835399389267,-0.13426530361175537,0.730327844619751,-0.1483992338180542,0.03347475081682205,0.2929861545562744,-0.16970820724964142,0.009099374525249004,0.2820388376712799,-0.17157982289791107,0.12631982564926147,0.3052014112472534,-0.055636823177337646,0.06573974341154099,0.9656102657318115,-0.08552243560552597,-0.04495225474238396,1.8066071271896362,-0.10371378809213638,-0.0597577728331089,1.7960875034332275,0.012284288182854652,0.07153310626745224,1.1390584707260132,-0.08890439569950104,0.06550048291683197,1.1415963172912598,-0.0042191483080387115,0.054793402552604675,1.2043557167053223,0.010774726048111916,-0.07567009329795837,1.2599458694458008,-0.004856215789914131,0.14375928044319153,1.1828877925872803,-0.01040852814912796,0.08881953358650208,1.0114057064056396,0.05294352397322655,0.1675550937652588,1.091651201248169,0.006652209907770157,0.057438984513282776,1.6611659526824951,0.03134017437696457,0.08231949061155319,1.018826961517334,0.047294002026319504,-0.20964249968528748,0.9056583046913147,0.11414038389921188,-0.33212003111839294,0.34253057837486267,0.14046883583068848,-0.3323700726032257,0.29216811060905457,0.05021541193127632,-0.24170655012130737,0.7510221004486084,0.0330306738615036,0.011336270719766617,1.0687587261199951,0.08390143513679504,-0.2654533386230469,0.6203686594963074,0.08523161709308624,0.038337912410497665,1.277587652206421,0.07077056169509888,-0.18782277405261993,1.4042855501174927,0.043937817215919495,0.03851199895143509,1.6280871629714966,0.04704262688755989,-0.04063386470079422,1.6118333339691162,0.048664774745702744,-0.025131093338131905,1.5820059776306152,0.0374486930668354,-0.04863715171813965,1.8468198776245117,0.07658977806568146,-0.18881750106811523,1.3235738277435303,0.15522968769073486,-0.25299373269081116,0.5649265646934509,0.12434518337249756,-0.2384246587753296,0.5548015236854553,0.16687029600143433,-0.2608160376548767,0.4222170114517212,0.19251619279384613,-0.2702629864215851,0.40093886852264404,0.09122608602046967,-0.12519961595535278,1.5445382595062256,0.08158159255981445,-0.13357478380203247,1.5558562278747559,0.09278371185064316,-0.1282699853181839,1.5376522541046143,0.13023820519447327,-0.1393633931875229,0.75321364402771,0.1372040957212448,-0.2715413570404053,0.6925625205039978,0.12205935269594193,0.039519958198070526,0.9373660683631897,0.12099429219961166,-0.07169757783412933,1.0830515623092651,0.11825989186763763,-0.1253291666507721,1.0699764490127563,0.12407425045967102,-0.13742661476135254,1.0143094062805176,0.09007266163825989,-0.0673166960477829,1.6626276969909668,0.10231374204158783,-0.08389199525117874,1.5744861364364624,0.11054329574108124,-0.20461292564868927,1.2094743251800537,0.11006729304790497,-0.016133354976773262,1.5529634952545166,0.09974868595600128,-0.03658477962017059,1.5944572687149048,0.24753406643867493,-0.24615541100502014,0.207940936088562,0.2640622854232788,-0.2838524580001831,0.17882174253463745,0.12334504723548889,-0.032780833542346954,1.5153594017028809,0.13108116388320923,-0.019171755760908127,1.4867603778839111,0.1439601182937622,-0.01762438751757145,1.4389516115188599,0.14472520351409912,-0.0007530134171247482,1.418493390083313,0.1329890638589859,-0.27025967836380005,1.1176658868789673,0.1672758013010025,-0.1364659070968628,0.8670513033866882,0.14612886309623718,-0.24753382802009583,1.140733003616333,0.1447921246290207,-0.2709846496582031,1.120390772819519,0.19796228408813477,-0.09297256916761398,0.8706080317497253,0.1996278613805771,-0.0819593071937561,0.8470831513404846,0.21243682503700256,-0.04804845154285431,0.8438726663589478,-0.2626705765724182,-0.14769238233566284,1.1721277236938477,-0.17619526386260986,-0.1728506088256836,1.2392425537109375,-0.19083651900291443,-0.16658908128738403,1.2237695455551147,-0.17805644869804382,-0.15805262327194214,1.2328259944915771,-0.1697281002998352,-0.16323035955429077,1.2506775856018066,-0.20207147300243378,0.007362602278590202,0.8545677065849304,-0.13376568257808685,-0.12944310903549194,1.2821956872940063,-0.1488516479730606,-0.07588404417037964,1.077498435974121,-0.15689535439014435,-0.001117665320634842,1.550533413887024,-0.1344888061285019,-0.1265011429786682,1.18844473361969,-0.1393318474292755,-0.1031595766544342,1.141356348991394,-0.13104121387004852,0.0041756462305784225,1.442781686782837,-0.12179630249738693,0.0027450844645500183,1.3900933265686035,-0.1226281151175499,-0.15412308275699615,1.0370421409606934,-0.08770664036273956,-0.17888253927230835,0.9957339763641357,-0.13939839601516724,-0.03569776937365532,0.7644100785255432,-0.08221141248941422,0.11357099562883377,1.231774091720581,-0.10053163766860962,0.05322542041540146,1.6350030899047852,-0.1619742214679718,0.25654295086860657,0.22035597264766693,-0.17356353998184204,0.2748448848724365,0.23053377866744995,-0.08922623097896576,0.02876354195177555,0.8588223457336426,-0.010647634975612164,0.10008423030376434,0.8404570817947388,-0.07052260637283325,-0.01336496789008379,0.8345731496810913,0.0065031880512833595,0.01968158408999443,1.3104586601257324,-0.04331595078110695,-0.08703306317329407,0.7518908977508545,-0.0406147837638855,-0.21384361386299133,1.6572834253311157,-0.011858928017318249,0.02214716374874115,0.8592230081558228,-0.00707757193595171,-0.017861396074295044,0.8413880467414856,0.012300089001655579,-0.10825587064027786,0.8523880243301392,-0.07869395613670349,-0.16651083528995514,0.8543805480003357,0.0010867826640605927,-0.21998663246631622,0.8506092429161072,0.02146674506366253,-0.11202193796634674,0.8345466256141663,-0.0010389008093625307,-0.15771539509296417,0.8597592115402222,-0.0073557049036026,-0.06733813881874084,1.502856969833374,0.02443655952811241,-0.03431294858455658,0.8305452466011047,0.0277855284512043,-0.06551370769739151,0.800707221031189,0.005712006241083145,-0.04319889098405838,1.5831735134124756,0.008108153939247131,-0.03848324716091156,1.5537357330322266,0.03152155131101608,-0.11711389571428299,0.8481488227844238,0.13160604238510132,0.05559878796339035,0.8148272037506104,0.11918336898088455,-0.3052884340286255,0.3405687212944031,0.05225536227226257,-0.06874477863311768,0.7764508128166199,0.06430009752511978,0.07467880845069885,1.1703293323516846,0.13340729475021362,-0.3230413794517517,0.46248242259025574,0.13854406774044037,-0.3114039897918701,0.40079712867736816,0.15169666707515717,-0.33039355278015137,0.41977959871292114,0.15003953874111176,-0.374803364276886,0.3724023699760437,0.09316107630729675,-0.006548382341861725,1.5243972539901733,0.07832874357700348,-0.019910641014575958,0.8203582763671875,0.10607859492301941,-0.0643690824508667,0.7929509878158569,0.09723477810621262,-0.10973192751407623,1.2503219842910767,0.15660426020622253,-0.331118643283844,0.5143879652023315,0.08275473117828369,-0.01219954714179039,1.6277039051055908,0.08229950070381165,-0.08745109289884567,1.310781478881836,0.1820874810218811,-0.333571195602417,0.425508975982666,0.07791945338249207,0.14589181542396545,1.1580843925476074,0.10217000544071198,-0.0780947208404541,1.2290053367614746,0.20564037561416626,-0.27429184317588806,0.3265223503112793,0.11858200281858444,0.14801937341690063,1.0652821063995361,0.18947501480579376,-0.2732901871204376,0.342720627784729,0.19561831653118134,-0.38521915674209595,0.3493613600730896,0.1370142102241516,0.027705227956175804,1.3027575016021729,0.09739761054515839,-0.16630354523658752,1.4798744916915894,0.11418541520833969,-0.15119081735610962,1.45001220703125,0.09765449911355972,-0.16193035244941711,1.4805967807769775,0.1286645382642746,-0.1346408724784851,1.442374587059021,0.1339091658592224,-0.2262539267539978,1.190538763999939,0.11822525411844254,-0.23685112595558167,1.1783158779144287,0.15259061753749847,0.05859363451600075,1.1937094926834106,0.16673779487609863,0.09876558184623718,1.119952917098999,0.1581023633480072,0.09313394129276276,1.0848631858825684,0.16547688841819763,-0.10367278754711151,1.2757116556167603,0.15458407998085022,-0.15030130743980408,1.266528606414795,0.15325351059436798,-0.1558094322681427,0.8808197379112244,0.16471894085407257,-0.1742926687002182,1.270157814025879,0.23364727199077606,-0.1578119993209839,1.1748706102371216,0.2144709825515747,-0.07986299693584442,1.1913537979125977,0.23847782611846924,-0.12168335169553757,1.1583530902862549,0.3096266984939575,-0.15725894272327423,1.2129147052764893,0.3582506775856018,-0.07146287709474564,1.1155006885528564,0.3520607650279999,-0.15086601674556732,1.1369705200195312,-0.16897885501384735,-0.26095399260520935,1.0968557596206665,-0.1611092984676361,-0.20461168885231018,1.1676546335220337,-0.16945844888687134,-0.1997421383857727,1.1917592287063599,-0.15756569802761078,-0.24753794074058533,1.1034518480300903,-0.14918529987335205,0.001988692209124565,1.476016879081726,-0.1541832983493805,-0.012161431834101677,1.45808744430542,-0.16017627716064453,0.010578140616416931,1.4107568264007568,-0.16292794048786163,-0.07712069153785706,1.7226260900497437,-0.15990093350410461,-0.12419399619102478,1.6415207386016846,-0.22533366084098816,0.010855723172426224,0.3673667013645172,-0.13676056265830994,-0.06124577671289444,0.8433469533920288,-0.13706645369529724,-0.08823594450950623,0.8271365165710449,-0.18761898577213287,0.10385659337043762,0.9489753842353821,-0.09520396590232849,-0.1781984567642212,1.2266533374786377,-0.1250247210264206,-0.02521885372698307,0.813447117805481,-0.10695728659629822,-0.0809992104768753,1.7786487340927124,-0.08827970921993256,-0.1409611999988556,1.121656894683838,-0.049391623586416245,-0.20156288146972656,1.1100809574127197,-0.10118106007575989,0.0848190039396286,1.0605442523956299,-0.012356606312096119,0.08528344333171844,1.0540573596954346,-0.07930159568786621,-0.040852196514606476,1.1601982116699219,-0.05817262828350067,-0.10752316564321518,0.8438760042190552,-0.04142938554286957,-0.20237070322036743,1.0532807111740112,-0.060017675161361694,0.011906463652849197,1.060723066329956,-0.031437620520591736,-0.186172217130661,1.7590664625167847,0.02195296622812748,-0.15847499668598175,0.780441403388977,-0.06030121445655823,0.028156042098999023,1.2754786014556885,0.1661880612373352,-0.2610121965408325,0.1427721083164215,0.08881983906030655,0.16520431637763977,0.9967151880264282,0.0673862025141716,0.09682197123765945,1.0719331502914429,0.026249179616570473,0.1743462234735489,1.0108299255371094,0.09895306080579758,0.08799104392528534,0.8291457891464233,0.22057078778743744,-0.2091810703277588,0.2127443104982376,0.11881157755851746,-0.044011376798152924,0.8192492723464966,0.16731898486614227,-0.3272809088230133,0.47277772426605225,0.11056962609291077,-0.1782199591398239,1.3918547630310059,0.12349728494882584,-0.1748945266008377,1.302291989326477,0.20089931786060333,-0.002349797636270523,0.822501003742218,0.20028674602508545,-0.023382749408483505,0.896407961845398,0.36364611983299255,-0.11099143326282501,1.1165316104888916,-0.32839369773864746,-0.15081413090229034,1.1253986358642578,-0.19220729172229767,-0.08548260480165482,0.9193844199180603,-0.21734625101089478,-0.06871677190065384,0.8630048036575317,-0.1589365452528,-0.006353519856929779,1.40708327293396,-0.16425973176956177,0.03087611310184002,1.2327489852905273,-0.15029829740524292,-0.08477544039487839,1.5448427200317383,-0.14035585522651672,-0.06536093354225159,1.0437744855880737,-0.1432240754365921,-0.09679627418518066,1.082119107246399,-0.1507233828306198,-0.08137181401252747,1.5440720319747925,-0.14709681272506714,-0.0992346704006195,1.532954216003418,-0.15087373554706573,-0.08938129246234894,1.5412629842758179,-0.15079525113105774,-0.09485632181167603,1.5440399646759033,-0.15221324563026428,-0.10953065752983093,1.53367018699646,-0.2258983850479126,0.09420744329690933,0.20149709284305573,-0.15229496359825134,-0.155345618724823,1.7058873176574707,-0.04001171141862869,-0.04917455092072487,1.2171518802642822,-0.17772474884986877,0.21031181514263153,0.12191253900527954,-0.05141947418451309,-0.06855867058038712,1.2561683654785156,-0.013083248399198055,-0.04400748014450073,1.1709944009780884,-0.042698755860328674,0.09458109736442566,0.9254721403121948,-0.03808106482028961,-0.08480387926101685,1.798128366470337,-0.05921882763504982,-0.09695759415626526,0.6878119111061096,-0.034093864262104034,0.035101499408483505,1.236474871635437,0.018542103469371796,-0.19686447083950043,1.0010197162628174,-0.026635827496647835,-0.22759124636650085,1.1947839260101318,0.0027107158675789833,0.07141989469528198,1.103479266166687,0.14351524412631989,-0.28809186816215515,0.29877257347106934,0.0747678130865097,-0.17013391852378845,0.9833337068557739,0.1175737977027893,-0.15280701220035553,0.9616504907608032,0.06757520139217377,-0.025144729763269424,1.5451223850250244,0.0752113088965416,-0.18563157320022583,1.1566118001937866,0.03556680679321289,-0.047551169991493225,1.168807029724121,0.09329881519079208,-0.02575424313545227,1.0802948474884033,0.07733957469463348,0.06847264617681503,0.9420692324638367,0.24469316005706787,-0.28502678871154785,0.09888043254613876,0.21846364438533783,-0.2713005244731903,0.09895384311676025,0.2676502466201782,-0.2718791365623474,0.12029282748699188,0.21955931186676025,-0.3711971938610077,0.3262471854686737,0.09565358608961105,-0.16221076250076294,1.4763593673706055,0.09675760567188263,-0.16329288482666016,1.4773930311203003,0.09461266547441483,-0.13387106359004974,1.3206416368484497,0.1211758702993393,-0.1597665399312973,1.2959468364715576,0.16078439354896545,0.12748436629772186,1.004128336906433,0.15542073547840118,0.10394714027643204,0.9568771123886108,0.16505272686481476,0.11161777377128601,0.9540549516677856,0.3615325093269348,-0.05516381189227104,1.1265010833740234,0.3871701657772064,-0.12068785727024078,1.092645287513733,0.41397807002067566,-0.14087335765361786,1.0796412229537964,-0.32600682973861694,-0.06273537129163742,1.068694829940796,-0.17431636154651642,-0.23386600613594055,1.1471621990203857,-0.1933453232049942,-0.012700299732387066,0.38623011112213135,-0.14228205382823944,0.09232400357723236,0.9210023880004883,-0.09677749127149582,-0.15558531880378723,1.0747034549713135,-0.04012860730290413,-0.0357012078166008,0.8379961848258972,-0.06191403418779373,-0.026788955554366112,0.7963213920593262,-0.05338267236948013,-0.07960139214992523,0.8020232915878296,-0.011964757926762104,0.005660409107804298,1.1072025299072266,0.030208881944417953,-0.201577827334404,0.8439285755157471,0.09854429960250854,0.019273357465863228,0.8331583738327026,0.08277840912342072,0.09950964152812958,1.0350760221481323,0.09497995674610138,-0.06435956805944443,1.5733187198638916,0.10276318341493607,-0.04431873932480812,1.5452007055282593,0.1834518164396286,-0.08372044563293457,0.9153063893318176,-0.18215911090373993,-0.23621675372123718,1.1119658946990967,-0.15937988460063934,-0.02732175402343273,1.5695254802703857,-0.104986771941185,0.10603058338165283,0.9685752987861633,-0.14098668098449707,0.004082098603248596,1.5980361700057983,-0.10909640789031982,-0.031370609998703,1.5906728506088257,-0.07245989888906479,-0.040509480983018875,1.57145094871521,0.04460728168487549,-0.20020118355751038,1.0550190210342407,0.06291830539703369,-0.18930861353874207,1.2399433851242065,0.16767528653144836,-0.3439008593559265,0.2432788908481598,0.10284557938575745,-0.1581747680902481,1.2095305919647217,0.11268699169158936,-0.1292215883731842,1.1606448888778687,0.12765277922153473,-0.0028151366859674454,1.4417595863342285,0.10572107136249542,0.03288508579134941,1.4383398294448853,0.1143435388803482,-0.08508571982383728,1.1772648096084595,0.11832761019468307,-0.08871825039386749,0.8274780511856079,0.09654636681079865,-0.22614657878875732,1.2066409587860107,0.13959752023220062,0.04305005073547363,1.3252251148223877,-0.14801204204559326,0.028148379176855087,1.3269691467285156,-0.17757156491279602,0.04365238919854164,0.43537428975105286,0.03927777335047722,-0.1958485096693039,0.750770628452301,0.026720212772488594,-0.18890616297721863,1.740849494934082,-0.19256748259067535,0.0972512885928154,1.023733139038086,-0.16041645407676697,-0.1632588803768158,1.252772331237793,-0.137612983584404,-0.00992423016577959,0.43539923429489136,-0.0009750016033649445,0.06446202099323273,1.4566482305526733,0.19544145464897156,-0.28020089864730835,0.1020556315779686,0.09671039134263992,-0.12958163022994995,1.537306308746338,0.09436705708503723,-0.128665030002594,1.536087155342102,0.09821229428052902,-0.152256041765213,1.431470513343811,0.21692100167274475,-0.34958839416503906,0.2963438630104065,0.2307111769914627,-0.31180471181869507,0.2982778251171112,0.21445749700069427,-0.17762067914009094,1.220583200454712,-0.16987410187721252,-0.1606709063053131,0.926472008228302,-0.15289360284805298,0.01146937906742096,1.3637473583221436,-0.15029653906822205,0.0090806744992733,1.3666801452636719,-0.15587854385375977,0.005853720009326935,1.36684250831604,-0.16163262724876404,0.09873131662607193,0.26202428340911865,-0.03902592882514,-0.08934549987316132,0.8393585681915283,0.1434517353773117,-0.3100948929786682,0.24757200479507446,0.2692551910877228,-0.17658478021621704,1.18686842918396,0.08581031113862991,-0.13898858428001404,1.6837317943572998,0.1331825852394104,-0.14822667837142944,0.8104870319366455,0.14439961314201355,-0.0007120752707123756,1.3921129703521729,0.14280027151107788,0.02126186341047287,1.3472527265548706,0.15857166051864624,-0.22176915407180786,0.17997455596923828,0.4149576723575592,-0.521215558052063,0.9630247950553894,0.40669673681259155,-0.4821547269821167,0.9486119151115417,0.410555899143219,-0.4933115839958191,0.9460059404373169,0.3987380862236023,-0.49092647433280945,0.9523037672042847,0.41179361939430237,-0.5175713896751404,0.9465250372886658,0.4120655357837677,-0.5125385522842407,0.966212272644043,0.40705928206443787,-0.34464743733406067,1.0033369064331055,0.394761860370636,-0.35093867778778076,0.9927337765693665,0.40922287106513977,-0.3740631341934204,0.9950770139694214,0.4034935235977173,-0.38497984409332275,0.9948739409446716,0.3906514346599579,-0.15600234270095825,0.9991905093193054,0.3867296874523163,-0.17608296871185303,1.0091742277145386,0.3967966139316559,-0.16830694675445557,0.9870851635932922,0.4032992124557495,-0.3543144464492798,0.9544761776924133,0.4024193286895752,-0.37624770402908325,0.964175820350647,0.412467360496521,-0.41780343651771545,1.0053504705429077,0.41006550192832947,-0.4022117853164673,1.0002497434616089,0.40183502435684204,-0.19981655478477478,0.9555473923683167,0.3943168520927429,-0.21877963840961456,0.9722024202346802,0.40588900446891785,-0.2717500627040863,1.0279898643493652,0.3994531035423279,-0.26528269052505493,1.0230220556259155,0.41998913884162903,-0.4936473071575165,0.9872835874557495,0.41587361693382263,-0.46385255455970764,0.9458075165748596,0.4040941298007965,-0.16183900833129883,0.9782227277755737,0.40022847056388855,-0.17022907733917236,0.9706573486328125,0.38690194487571716,0.017073623836040497,1.1469155550003052,0.38927391171455383,0.004117213189601898,1.1386269330978394,0.390373557806015,0.024707816541194916,1.1248669624328613,0.4108482301235199,-0.4425365924835205,0.990410327911377,0.413943350315094,-0.46996986865997314,0.9845396280288696,0.40506285429000854,-0.16377298533916473,0.9709775447845459,0.40586012601852417,-0.1589510589838028,0.9626578092575073,0.42422470450401306,-0.5298830270767212,0.9043755531311035,0.42847710847854614,-0.5450239181518555,0.9069322943687439,0.39530396461486816,0.03496234863996506,1.1456986665725708,0.3956459164619446,0.019606851041316986,1.1524367332458496,0.3901280164718628,0.037473164498806,1.1383087635040283,0.39478442072868347,0.030936770141124725,1.1252111196517944,0.4285283088684082,-0.5951470136642456,0.9492968320846558,0.43329399824142456,-0.6184341907501221,0.9547513127326965,0.43236038088798523,-0.6135279536247253,0.9331836700439453,0.406178742647171,-0.28559261560440063,0.9550645351409912,0.41487404704093933,-0.30393677949905396,0.9496083855628967,0.41341909766197205,-0.32575228810310364,0.9320014119148254,0.42094913125038147,-0.3190884590148926,0.9337295293807983,0.3967655301094055,0.009154684841632843,1.1556634902954102,0.395042359828949,0.040344834327697754,1.135535717010498,0.4220353662967682,-0.4404256045818329,1.0094960927963257,0.4291340708732605,-0.44033220410346985,1.0125467777252197,0.4188844859600067,-0.4590268135070801,1.004441738128662,0.42738866806030273,-0.4783450663089752,1.003448247909546,0.40929821133613586,-0.23813408613204956,0.959547221660614,0.41238564252853394,-0.25419971346855164,0.9483213424682617,0.4082251489162445,-0.2596139907836914,0.9542071223258972,0.40063905715942383,0.036342084407806396,1.1400049924850464,0.4005630612373352,0.009732730686664581,1.151928186416626,0.4019443690776825,0.02354425936937332,1.127388596534729,0.4066866338253021,-0.12109540402889252,0.9441136717796326,0.4060880243778229,-0.12504485249519348,0.9347463846206665,0.4093352258205414,-0.14268697798252106,0.9525620341300964,0.41100549697875977,-0.13696806132793427,0.9466182589530945,0.40374696254730225,-0.13144049048423767,0.9427275657653809,0.42887869477272034,-0.3470781445503235,0.9186109304428101,0.4189154803752899,-0.32891085743904114,0.920964241027832,0.4224797487258911,-0.33211812376976013,0.9067244529724121,0.42292124032974243,-0.3357110023498535,0.906271755695343,0.4013345539569855,0.01819879561662674,1.1348950862884521,0.4397154152393341,-0.6260824203491211,0.9568294882774353,0.4402509927749634,-0.6160929799079895,0.9416938424110413,0.4436424970626831,-0.6361416578292847,0.9519150853157043,0.43542325496673584,-0.6406705975532532,0.9531760215759277,0.4356900751590729,-0.6056021451950073,0.9281488656997681,0.4220229685306549,-0.15428516268730164,0.9993341565132141,0.41368401050567627,-0.16282492876052856,0.9782339930534363,0.43331944942474365,-0.5072287917137146,0.9057643413543701,0.43060407042503357,-0.5357979536056519,0.9060890078544617,0.4362976849079132,-0.5622743368148804,0.9112589955329895,0.420302152633667,-0.26101991534233093,1.0329526662826538,0.41960662603378296,-0.28092777729034424,1.0268447399139404,0.4283747375011444,-0.29098713397979736,1.0183777809143066,0.4287303686141968,-0.43368563055992126,1.0194967985153198,0.43284398317337036,-0.442766398191452,1.0053095817565918,0.4352485239505768,-0.4989355206489563,0.9943631887435913,0.42305171489715576,-0.4014105200767517,1.0108320713043213,0.43837645649909973,-0.4822980463504791,0.9323617815971375,0.43740981817245483,-0.5171464681625366,0.9193631410598755,0.4259178936481476,-0.25682929158210754,1.02985680103302,0.4355848729610443,-0.4072604179382324,0.9928026795387268,0.4398815631866455,-0.3841326832771301,0.9924389719963074,0.4375491142272949,-0.42661798000335693,0.9911210536956787,0.4408659338951111,-0.5816266536712646,0.9420742988586426,0.44479110836982727,-0.5637117028236389,0.9360162019729614,0.42956429719924927,-0.3790743947029114,0.9437151551246643,0.4359392821788788,-0.38492515683174133,0.9570056796073914,0.43161606788635254,-0.40682297945022583,0.9546526670455933,0.4386049509048462,-0.4107314646244049,0.9631714820861816,0.43150627613067627,-0.32977569103240967,1.0031888484954834,0.42663121223449707,-0.3708929419517517,0.9970187544822693,0.43823593854904175,-0.487470805644989,0.9767266511917114,0.4458463490009308,-0.5103628635406494,0.964061439037323,0.43515509366989136,-0.5185717940330505,0.9660994410514832,0.4398265480995178,-0.46997928619384766,0.9546461701393127,0.4435711205005646,-0.4788898229598999,0.9470548033714294,0.4358089566230774,-0.33924198150634766,0.9611126780509949,0.43548575043678284,-0.35826125741004944,0.9564856886863708,0.4307233691215515,-0.32314345240592957,0.9490082263946533,0.4339330792427063,-0.34959015250205994,0.9503140449523926,0.43131375312805176,-0.36824750900268555,0.9538534283638,0.4361307621002197,-0.32280290126800537,0.9784634709358215,0.4344295561313629,-0.30888402462005615,0.9894338846206665,0.4302024245262146,-0.2876860499382019,0.9634049534797668,0.4336284101009369,-0.3036354184150696,0.9766174554824829,0.4431222677230835,-0.490949809551239,0.9478799104690552,0.4493899643421173,-0.5126721858978271,0.9486631155014038,0.44291985034942627,-0.5015957951545715,0.9459711313247681,0.45738646388053894,-0.5035327672958374,0.9498600363731384,0.4316052496433258,-0.17399799823760986,1.0085126161575317,0.39783304929733276,-0.4675942361354828,0.971556544303894,0.3965759575366974,-0.48111873865127563,0.9573938250541687,0.39871349930763245,-0.39379262924194336,0.9821578860282898,0.3969591557979584,-0.39154893159866333,0.977795422077179,0.39209720492362976,-0.41289496421813965,0.9797229766845703,0.39511629939079285,-0.3984946608543396,0.973554253578186,0.39675742387771606,-0.4156769812107086,0.9782192707061768,0.4045335650444031,-0.35236895084381104,0.9738213419914246,0.40143129229545593,-0.3618040680885315,0.9704116582870483,0.4008485674858093,-0.3292732238769531,0.9781947135925293,0.40023982524871826,-0.41313374042510986,0.9857677817344666,0.4202273190021515,-0.4852522909641266,0.9251018762588501,0.41206222772598267,-0.5140150785446167,0.9429699778556824,0.40467560291290283,-0.3856847882270813,0.9548652172088623,0.4129873216152191,-0.5403186082839966,0.9475136399269104,0.4179706275463104,-0.5639650225639343,0.9371492266654968,0.4204501509666443,-0.543766975402832,0.934475839138031,0.4207918643951416,-0.5847080945968628,0.9432736039161682,0.39634081721305847,-0.1547962725162506,1.022632360458374,0.4055274426937103,-0.2271260917186737,1.0729780197143555,0.399395614862442,-0.23072703182697296,1.062310814857483,0.4088122844696045,-0.23457950353622437,1.0672701597213745,0.4044809937477112,-0.23804481327533722,0.965773344039917,0.38816800713539124,0.01967070996761322,1.1114426851272583,0.39272284507751465,-0.010966025292873383,1.1467660665512085,0.39444097876548767,-0.02281276136636734,1.1358728408813477,0.39094263315200806,-0.01616794615983963,1.1273446083068848,0.41982781887054443,-0.35326966643333435,1.008939504623413,0.42093625664711,-0.5165497660636902,0.9944825172424316,0.4289063513278961,-0.5778646469116211,0.9199573993682861,0.39198029041290283,-0.04797344654798508,1.076834797859192,0.4051493704319,-0.07317548990249634,1.0568575859069824,0.4145834147930145,-0.3304732143878937,1.0249650478363037,0.41164857149124146,-0.335371196269989,1.0153688192367554,0.41305452585220337,-0.3811706304550171,1.0033750534057617,0.43050676584243774,-0.5899103879928589,0.9189846515655518,0.43462997674942017,-0.6327245235443115,0.9602325558662415,0.43581321835517883,-0.6437606811523438,0.959312915802002,0.4344255328178406,-0.6314704418182373,0.9433382153511047,0.4015714228153229,-0.12646934390068054,1.0340020656585693,0.4104950726032257,-0.14831553399562836,1.026974081993103,0.4255991578102112,-0.37984728813171387,1.0033187866210938,0.4020249843597412,-0.15133577585220337,1.001052737236023,0.4321557581424713,-0.5517007112503052,0.9067729711532593,0.41085195541381836,-0.1877283900976181,1.1070106029510498,0.4132536053657532,-0.18664023280143738,1.1033920049667358,0.4109133183956146,-0.19334901869297028,1.0884407758712769,0.4140026569366455,-0.20278599858283997,1.0972988605499268,0.41744163632392883,-0.21725332736968994,1.0956569910049438,0.40198567509651184,-0.18867860734462738,1.0641248226165771,0.4139135777950287,-0.18801872432231903,1.0701556205749512,0.43679389357566833,-0.6432348489761353,0.9615216851234436,0.4234919846057892,-0.3928581774234772,0.94011390209198,0.4248122572898865,-0.4082156717777252,0.9423056840896606,0.42032477259635925,-0.413756400346756,0.9423225522041321,0.4220145642757416,-0.368844211101532,0.9319721460342407,0.4208514392375946,-0.20135456323623657,1.095019817352295,0.419352650642395,-0.2178177386522293,1.0930893421173096,0.4160914421081543,-0.1636531800031662,0.9632869958877563,0.4163198173046112,-0.1916975975036621,1.099617838859558,0.4173630177974701,-0.19507154822349548,1.0873181819915771,0.4261649549007416,-0.4179810881614685,1.0112930536270142,0.41739919781684875,-0.1603333055973053,0.935129702091217,0.4159114956855774,-0.1573517769575119,0.927737295627594,0.41401317715644836,-0.16589075326919556,0.9147586822509766,0.4162195324897766,-0.17745783925056458,0.9166455268859863,0.42401427030563354,-0.15579229593276978,1.0241923332214355,0.42184165120124817,-0.22078728675842285,1.073600172996521,0.43228286504745483,-0.44018805027008057,0.9899755120277405,0.4312400221824646,-0.46434739232063293,0.9899594187736511,0.41987544298171997,-0.17900636792182922,0.9580651521682739,0.42551490664482117,-0.18726611137390137,0.9521571397781372,0.4177927076816559,-0.1778257042169571,0.9407347440719604,0.44147372245788574,-0.4600677490234375,0.9816734790802002,0.4411830008029938,-0.4362301826477051,0.979017972946167,0.4393294155597687,-0.4419446885585785,0.9602588415145874,0.43916910886764526,-0.4216560125350952,0.9660480618476868,0.4360165596008301,-0.5344208478927612,0.9296320676803589,0.44327977299690247,-0.5413788557052612,0.9316011071205139,0.42744025588035583,-0.1824803501367569,0.9761757850646973,0.42919009923934937,-0.2009803056716919,1.0248093605041504,0.4329768121242523,-0.2260752022266388,1.010854721069336,0.43262186646461487,-0.21230530738830566,1.0052202939987183,0.4325089454650879,-0.24214449524879456,1.0054923295974731,0.43153923749923706,-0.24852296710014343,0.994428277015686,0.4487999677658081,-0.4593636989593506,0.9645019173622131,0.4520062506198883,-0.4473746120929718,0.9663447737693787,0.4555993378162384,-0.49615412950515747,0.9670180082321167,0.45113635063171387,-0.3782327175140381,0.9838268160820007,0.4465750753879547,-0.41255438327789307,0.980614423751831,0.44412145018577576,-0.3878780007362366,0.9807168245315552,0.44326406717300415,-0.39623332023620605,0.9740235805511475,0.44712918996810913,-0.4073438346385956,0.9771913886070251,0.43759018182754517,-0.3939225673675537,0.9833114147186279,0.4484238028526306,-0.41096723079681396,0.9738780856132507,0.45687317848205566,-0.5075703859329224,0.9590646624565125,0.4535979926586151,-0.4948199987411499,0.9540457129478455,0.39978617429733276,-0.49211931228637695,0.9665372371673584,0.3991856873035431,-0.5092907547950745,0.9625436663627625,0.39984819293022156,-0.48182016611099243,0.9517832398414612,0.4026957154273987,-0.5042845010757446,0.9524511694908142,0.3905305564403534,-0.21437297761440277,1.0536730289459229,0.3909018933773041,-0.18257904052734375,0.9938760995864868,0.3913397490978241,-0.19375315308570862,0.9834641814231873,0.3898908495903015,-0.17726710438728333,1.041513204574585,0.4101593494415283,-0.47393518686294556,0.9773162007331848,0.4091920852661133,-0.44585075974464417,0.9607059359550476,0.39709174633026123,-0.24166303873062134,0.9941650629043579,0.4007531404495239,-0.24400462210178375,0.9779438972473145,0.3925228714942932,-0.2326398640871048,1.03977370262146,0.40031713247299194,-0.25023218989372253,1.032475233078003,0.4087355136871338,-0.4350607991218567,0.9642248153686523,0.4138038158416748,-0.4919477701187134,0.9766700267791748,0.4040336608886719,-0.27411383390426636,0.9784469604492188,0.4016985595226288,-0.3131932318210602,0.9768960475921631,0.4039141833782196,-0.29648369550704956,0.9625810980796814,0.40642550587654114,-0.4104747176170349,0.9615922570228577,0.42193570733070374,-0.5695598721504211,0.9533596038818359,0.4270148277282715,-0.6046836376190186,0.9439830183982849,0.42878249287605286,-0.5971024036407471,0.9282848238945007,0.4014981985092163,-0.21563172340393066,1.087959885597229,0.40672391653060913,-0.2502943277359009,1.065361499786377,0.4075879454612732,-0.29321515560150146,1.0239243507385254,0.4080813229084015,-0.31981223821640015,1.0209087133407593,0.4099934697151184,-0.31061041355133057,0.9520342350006104,0.40910804271698,-0.2688707113265991,1.0699305534362793,0.40540534257888794,-0.23775029182434082,1.042939305305481,0.41159844398498535,-0.25683385133743286,1.0347119569778442,0.42459261417388916,-0.5347887873649597,0.9854087829589844,0.42988890409469604,-0.55849689245224,0.9674335718154907,0.41751644015312195,-0.4159187078475952,0.9439955949783325,0.39957401156425476,-0.10092250257730484,1.0749176740646362,0.39635714888572693,-0.08572128415107727,1.0820378065109253,0.41409388184547424,-0.32943153381347656,0.9205175638198853,0.4207693040370941,-0.3103397488594055,1.0208452939987183,0.4229643940925598,-0.33127862215042114,1.0281873941421509,0.42826077342033386,-0.5282010436058044,0.9899195432662964,0.43315640091896057,-0.533760666847229,0.9855509400367737,0.4287208616733551,-0.5457234382629395,0.97749924659729,0.41550928354263306,-0.19381465017795563,0.9471572637557983,0.416286438703537,-0.209265798330307,0.9377614259719849,0.4100244343280792,-0.2093028575181961,0.937759280204773,0.4085046350955963,-0.1854858696460724,0.9399564862251282,0.41309744119644165,-0.18424677848815918,0.9364749193191528,0.4127821624279022,-0.17949122190475464,0.9207764863967896,0.4066590666770935,-0.2270624339580536,0.9550338983535767,0.4095582962036133,-0.17785876989364624,0.9149175882339478,0.41234657168388367,-0.18439939618110657,0.9031099081039429,0.4138716459274292,-0.166484996676445,1.0485420227050781,0.41436880826950073,-0.17237383127212524,1.0471081733703613,0.40732541680336,-0.15441694855690002,1.0196442604064941,0.41200780868530273,-0.22291648387908936,1.0800200700759888,0.41657617688179016,-0.2311450093984604,1.0684493780136108,0.4276910722255707,-0.4420408606529236,1.0283654928207397,0.4224124252796173,-0.4345083236694336,1.031156063079834,0.4206237196922302,-0.4252657890319824,1.0186436176300049,0.41866564750671387,-0.18045490980148315,0.9051483869552612,0.41077056527137756,-0.1645386517047882,0.9119071960449219,0.4125545918941498,-0.22308534383773804,0.9525813460350037,0.4299464523792267,-0.46736663579940796,0.9311273097991943,0.4288157820701599,-0.48606759309768677,0.918336033821106,0.42424672842025757,-0.1933823525905609,1.070096731185913,0.4153845012187958,-0.14736734330654144,1.0559439659118652,0.4361969828605652,-0.5139082670211792,0.9761900901794434,0.4243694245815277,-0.32800063490867615,0.9270214438438416,0.4081117808818817,-0.014203928411006927,1.0976340770721436,0.4117504954338074,-0.02752526104450226,1.0903887748718262,0.43066978454589844,-0.33650219440460205,0.9321012496948242,0.4206746518611908,-0.13385199010372162,1.0489963293075562,0.4224134385585785,-0.15456558763980865,1.0442934036254883,0.4189068377017975,-0.14844657480716705,1.0322810411453247,0.4434114992618561,-0.4576469659805298,0.9592323899269104,0.42674046754837036,-0.1620204597711563,0.9911563992500305,0.43170732259750366,-0.317699670791626,0.9592010378837585,0.4300413429737091,-0.17311574518680573,1.0375738143920898,0.432771772146225,-0.19041964411735535,1.0304306745529175,0.42632758617401123,-0.19951371848583221,1.0561057329177856,0.42785167694091797,-0.20843195915222168,1.0347323417663574,0.4278554618358612,-0.15904484689235687,1.0298994779586792,0.4262382686138153,-0.1573168933391571,1.013223648071289,0.450965017080307,-0.45642274618148804,0.969809353351593,0.3951169550418854,-0.368344247341156,0.989197850227356,0.3885035514831543,-0.3683077096939087,0.9840667843818665,0.3922506868839264,-0.3808533549308777,0.9898226261138916,0.39286333322525024,-0.3613395094871521,0.9778928756713867,0.39058470726013184,-0.38397204875946045,0.979542076587677,0.3994283378124237,-0.4490368366241455,0.9774404168128967,0.4013787508010864,-0.4601989984512329,0.9796881079673767,0.40150701999664307,-0.3871607184410095,0.9745108485221863,0.40135037899017334,-0.39553460478782654,0.9632928967475891,0.40259453654289246,-0.4262394607067108,0.9711980819702148,0.4028477370738983,-0.4342721700668335,0.9790945053100586,0.3933772146701813,-0.22357338666915894,0.9974666833877563,0.39632898569107056,-0.21782448887825012,1.0699634552001953,0.40161076188087463,-0.19468796253204346,1.0651600360870361,0.39282462000846863,-0.1375928670167923,1.0527746677398682,0.3920425772666931,-0.12919175624847412,1.0454368591308594,0.415507048368454,-0.37493276596069336,0.937458336353302,0.4059664309024811,-0.3276291489601135,0.9495381116867065,0.4152880609035492,-0.34239211678504944,0.9128897190093994,0.4084171950817108,-0.34312987327575684,0.9445027112960815,0.39577916264533997,-0.031268127262592316,1.1316020488739014,0.39424651861190796,0.008978687226772308,1.1247162818908691,0.3919092118740082,-0.008101120591163635,1.122977375984192,0.39231255650520325,-0.00838906317949295,1.1112792491912842,0.38780859112739563,-0.01654879003763199,1.1001160144805908,0.3977063000202179,-0.08164919167757034,1.055022120475769,0.398874968290329,-0.10078433901071548,1.04635488986969,0.4046344757080078,-0.18959537148475647,1.1008590459823608,0.42097681760787964,-0.4411056637763977,1.025627851486206,0.4216001033782959,-0.48467743396759033,0.9984301924705505,0.43001285195350647,-0.5030086636543274,0.9043909907341003,0.4249037206172943,-0.5005688667297363,0.9088484644889832,0.40931591391563416,-0.155043363571167,0.9281120300292969,0.40449294447898865,-0.16611456871032715,0.914749264717102,0.40740957856178284,-0.09057852625846863,1.0821062326431274,0.40719759464263916,-0.10526818037033081,1.0734601020812988,0.4183444082736969,-0.4373154640197754,1.0317631959915161,0.42140278220176697,-0.28798842430114746,0.9510578513145447,0.4252585768699646,-0.3047272562980652,0.9515058994293213,0.42274269461631775,-0.3204556405544281,1.0214202404022217,0.42227354645729065,-0.3348081111907959,1.014702558517456,0.4209730327129364,-0.3563236594200134,1.0053880214691162,0.42930272221565247,-0.2195352166891098,0.970731258392334,0.41282811760902405,-0.04578493908047676,1.0952279567718506,0.4150610864162445,-0.05678112432360649,1.078766942024231,0.4439244568347931,-0.5538691282272339,0.9365075826644897,0.43118566274642944,-0.25463664531707764,1.0216270685195923,0.43461528420448303,-0.27027106285095215,1.0021246671676636,0.4289930760860443,-0.2220766246318817,0.9863243103027344,0.4285842180252075,-0.20849518477916718,0.9614449143409729,0.4204152524471283,-0.23809757828712463,0.9667997360229492,0.43121564388275146,-0.21612729132175446,1.0241233110427856,0.4321751296520233,-0.22440578043460846,1.0417336225509644,0.42995485663414,-0.23326385021209717,1.0344297885894775,0.43319791555404663,-0.23265428841114044,1.017334222793579,0.3901844024658203,-0.20439794659614563,1.029751181602478,0.3873925507068634,-0.17037367820739746,1.0235847234725952,0.3866962790489197,-0.18670694530010223,1.0254557132720947,0.3876037895679474,-0.1922474503517151,1.0105324983596802,0.4081296920776367,-0.46804630756378174,0.9549418687820435,0.3926394283771515,-0.18298262357711792,0.9786346554756165,0.4171426296234131,-0.5211186408996582,0.9701850414276123,0.40026894211769104,-0.2599096894264221,0.9715859889984131,0.38884681463241577,-0.043865349143743515,1.1011598110198975,0.38922107219696045,-0.053036224097013474,1.086835265159607,0.39067649841308594,-0.04481666162610054,1.0817970037460327,0.4051062762737274,-0.23810313642024994,1.047621726989746,0.4083402752876282,-0.26520028710365295,1.0625736713409424,0.40933316946029663,-0.24404457211494446,1.0515575408935547,0.4096736013889313,-0.1911630779504776,0.9461866617202759,0.4059867858886719,-0.1820385456085205,0.9033600687980652,0.42191022634506226,-0.437369704246521,0.938767671585083,0.42434632778167725,-0.4495929479598999,0.9352297782897949,0.4200451672077179,-0.46586018800735474,0.9333946704864502,0.4003714919090271,-0.17284321784973145,1.0489108562469482,0.4154498875141144,-0.2628289759159088,1.066798448562622,0.4119170904159546,-0.2665131688117981,1.0625218152999878,0.4161338806152344,-0.2569640278816223,1.0523641109466553,0.416363000869751,-0.24875201284885406,1.0380058288574219,0.4277387261390686,-0.5348243713378906,0.9008591771125793,0.433795303106308,-0.57562255859375,0.9169121980667114,0.4006596505641937,-0.003065928816795349,1.1107429265975952,0.3998097777366638,0.019243642687797546,1.1025995016098022,0.39725661277770996,0.01410551369190216,1.114274501800537,0.40058544278144836,0.00016991794109344482,1.108222484588623,0.4065025746822357,-0.0008035227656364441,1.098036527633667,0.3972530961036682,0.018124014139175415,1.0935488939285278,0.40122634172439575,-0.0004832223057746887,1.0914676189422607,0.4188007712364197,-0.23684117197990417,0.9590885043144226,0.4039131700992584,-0.01984008401632309,1.0769888162612915,0.4123457074165344,-0.07603727281093597,1.0647189617156982,0.41068100929260254,-0.09341846406459808,1.0514745712280273,0.4143432378768921,-0.10856924951076508,1.0616270303726196,0.4254820942878723,-0.17212551832199097,1.0424354076385498,0.4198366105556488,-0.1845816969871521,1.05546236038208,0.42127594351768494,-0.20629122853279114,0.9508922696113586,0.4376447796821594,-0.3133310377597809,0.9985007643699646,0.4339848756790161,-0.284349262714386,0.9883040189743042,0.45255839824676514,-0.4473882019519806,0.9722987413406372,0.44426408410072327,-0.3385446071624756,0.989412784576416,0.44781771302223206,-0.3633851706981659,0.9884980320930481,0.4485335648059845,-0.35544082522392273,0.9828636050224304,0.4494488835334778,-0.37770935893058777,0.9802155494689941,0.40054240822792053,-0.3115916848182678,1.0013878345489502,0.39236384630203247,-0.3275289535522461,0.9927057027816772,0.3973105251789093,-0.2921741008758545,1.0141043663024902,0.39590758085250854,-0.3095128536224365,0.9890979528427124,0.4180755913257599,-0.5217412710189819,0.9217010736465454,0.3979109227657318,-0.12992292642593384,1.0348358154296875,0.3986451029777527,-0.14892035722732544,1.027895450592041,0.3939850628376007,-0.1573369801044464,1.0415444374084473,0.3893769681453705,-0.10008464753627777,1.0658069849014282,0.39184123277664185,-0.11155716329813004,1.0666059255599976,0.4127866327762604,-0.4304375648498535,1.012033224105835,0.4120561480522156,-0.4383189380168915,1.0058172941207886,0.41957908868789673,-0.40749573707580566,1.011740803718567,0.42360830307006836,-0.477069616317749,0.9257236123085022,0.4042811691761017,-0.12426751852035522,0.9409019947052002,0.40696603059768677,-0.13518968224525452,0.9339404702186584,0.3971848487854004,0.027293860912322998,1.1105901002883911,0.3935258984565735,0.0254829004406929,1.102304220199585,0.4025324881076813,-0.043917782604694366,1.1333435773849487,0.41017091274261475,-0.050749458372592926,1.1259307861328125,0.43539369106292725,-0.5545120239257812,0.9665472507476807,0.4393821358680725,-0.5743908286094666,0.9527019262313843,0.44361311197280884,-0.5400267243385315,0.9433991312980652,0.4196161925792694,-0.2733275890350342,0.9541118741035461,0.4059002101421356,-0.010837234556674957,1.1280022859573364,0.40256956219673157,-0.014678813517093658,1.130204677581787,0.4064050316810608,-0.02346198260784149,1.1224325895309448,0.42743390798568726,-0.21924108266830444,1.0598903894424438,0.440548837184906,-0.41995757818222046,0.9810339212417603,0.426151841878891,-0.1739896833896637,0.9845726490020752,0.4267371892929077,-0.1919693946838379,0.9872329831123352,0.3968680799007416,-0.4493183493614197,0.9692078828811646,0.4013311564922333,-0.46370792388916016,0.9650002717971802,0.3918541371822357,-0.1935957968235016,1.0477198362350464,0.3958956003189087,-0.2576739192008972,0.9930714964866638,0.3941534757614136,-0.2785786986351013,0.9917236566543579,0.40053102374076843,-0.1667185127735138,1.0475714206695557,0.3942725658416748,-0.001569315791130066,1.0925456285476685,0.39250028133392334,-0.01631801947951317,1.0825214385986328,0.3979640603065491,-0.02112516015768051,1.076204776763916,0.39899101853370667,-0.04402279853820801,1.134408950805664,0.3958197236061096,-0.04513062536716461,1.1297569274902344,0.39174962043762207,-0.04412828013300896,1.1141183376312256,0.4292292892932892,-0.5744946002960205,0.9581237435340881,0.41792628169059753,-0.3508673906326294,0.9254460334777832,0.414347380399704,-0.331662654876709,0.9078863263130188,0.3895804286003113,0.013737350702285767,1.0959558486938477,0.4271564185619354,-0.4925296902656555,1.0036636590957642,0.430725634098053,-0.513469934463501,1.0022823810577393,0.41127634048461914,-0.1317628175020218,1.0650701522827148,0.40131276845932007,-0.15101253986358643,1.0565592050552368,0.41062766313552856,-0.17977353930473328,0.9012477397918701,0.404039591550827,-0.023500248789787292,1.1322991847991943,0.40229734778404236,0.009974412620067596,1.1276168823242188,0.3976001441478729,-0.001999996602535248,1.120945930480957,0.41173920035362244,-0.1257282793521881,0.9393831491470337,0.41269651055336,-0.1493787169456482,0.9521616697311401,0.41550254821777344,-0.07006248831748962,1.082430362701416,0.42478325963020325,-0.3608950972557068,0.9301790595054626,0.42633184790611267,-0.3356111943721771,0.9104939699172974,0.4272459149360657,-0.33087143301963806,1.0265551805496216,0.43512800335884094,-0.376129686832428,0.9676274657249451,0.4427667260169983,-0.3817177414894104,0.9739035964012146,0.437394917011261,-0.3338956832885742,0.9783463478088379,0.438444584608078,-0.3530324101448059,0.9769165515899658,0.3976343870162964,-0.24975329637527466,1.0133082866668701,0.4003375172615051,-0.30752480030059814,1.0162347555160522,0.4011540412902832,-0.33049076795578003,1.0029510259628296,0.4154636561870575,-0.3881549835205078,0.939726710319519,0.40499773621559143,-0.15259100496768951,0.9507858753204346,0.40680012106895447,-0.1594880223274231,0.9319288730621338,0.4034138023853302,-0.17890098690986633,0.9473572969436646,0.41379019618034363,-0.24861294031143188,1.0663155317306519,0.4139079451560974,-0.24138280749320984,1.0493215322494507,0.4348287582397461,-0.5111379623413086,0.9974464774131775,0.40604811906814575,-0.02610231563448906,1.106999397277832,0.41463571786880493,-0.119244784116745,1.0622596740722656,0.4195062816143036,-0.1213035136461258,1.042196273803711,0.3920206129550934,-0.2094825953245163,1.040688157081604,0.38998931646347046,-0.2217068076133728,1.0223896503448486,0.3904655873775482,-0.2322433888912201,1.0200715065002441,0.38401558995246887,-0.2108456790447235,1.0123628377914429,0.3904033303260803,-0.16212724149227142,1.0273407697677612,0.38719063997268677,-0.07777826488018036,1.0636236667633057,0.40763717889785767,-0.20419049263000488,1.0930134057998657,0.4020642340183258,-0.19816243648529053,1.090824842453003,0.4326764941215515,-0.43498146533966064,0.9441567063331604,0.4219137132167816,-0.22694161534309387,1.0478389263153076,0.4174983501434326,-0.2402561604976654,1.0416014194488525,0.42063194513320923,-0.171700119972229,0.9767360687255859,0.4254760146141052,-0.31968623399734497,1.0144016742706299,0.42803195118904114,-0.33214491605758667,1.0157828330993652,0.4273057281970978,-0.2525377869606018,0.9841477870941162,0.44566404819488525,-0.3951408863067627,0.9660131931304932,0.39287206530570984,-0.20507004857063293,0.9835485816001892,0.41809922456741333,-0.4443458318710327,0.9451956748962402,0.4007291793823242,-0.13274334371089935,1.0642578601837158,0.3949792683124542,0.01301032304763794,1.1180473566055298,0.39980030059814453,-0.013340078294277191,1.1486953496932983,0.40244171023368835,-0.04398803785443306,1.1140077114105225,0.4064446985721588,-0.05076957121491432,1.1016879081726074,0.4052395224571228,-0.06311604380607605,1.0917993783950806,0.4352378249168396,-0.5936449766159058,0.949925422668457,0.43580424785614014,-0.6155000925064087,0.9543056488037109,0.407062292098999,-0.043156616389751434,1.1126724481582642,0.437045693397522,-0.5974677205085754,0.9263397455215454,0.4369858503341675,-0.6015911102294922,0.9483155012130737,0.416481077671051,-0.23946517705917358,1.050329566001892,0.42091745138168335,-0.27147549390792847,0.9582697153091431,0.4191952049732208,-0.2547362148761749,0.9515705108642578,0.4451431632041931,-0.5285893082618713,0.9462406039237976,0.432084321975708,-0.28660494089126587,1.0108526945114136,0.40640386939048767,-0.4287485182285309,0.991498589515686,0.4041973352432251,-0.42508432269096375,0.9828757643699646,0.3916592001914978,-0.05733288824558258,1.093759298324585,0.39625898003578186,-0.06488464027643204,1.0914665460586548,0.4236111342906952,-0.21342933177947998,1.0710649490356445,0.42649638652801514,-0.26947668194770813,0.9782310724258423,0.43071502447128296,-0.21994002163410187,1.0448917150497437,0.42898237705230713,-0.18775278329849243,1.011567234992981,0.39518120884895325,-0.22607704997062683,1.050313115119934,0.3948821425437927,0.005400851368904114,1.1110213994979858,0.4084813892841339,-0.03863425925374031,1.0791651010513306,0.3979710042476654,-0.03369282931089401,1.0741243362426758,0.40626752376556396,-0.04589972645044327,1.0740224123001099,0.41273069381713867,-0.12375789880752563,1.0349535942077637,0.4187209904193878,-0.09563284367322922,1.0586076974868774,0.427421510219574,-0.2580636739730835,0.967121958732605,0.43519458174705505,-0.27226048707962036,0.9920459389686584,0.436616450548172,-0.3594213128089905,0.9658731818199158,0.4369276463985443,-0.31976503133773804,0.9927548766136169,0.3902612030506134,-0.34217822551727295,0.9880468249320984,0.39329978823661804,-0.16644123196601868,1.0405813455581665,0.4215121567249298,-0.2658092975616455,1.064916968345642,0.38915881514549255,-0.10081702470779419,1.0548866987228394,0.3895825743675232,0.00701933354139328,1.1048916578292847,0.4591214060783386,-0.48365673422813416,0.9604465365409851,0.4567132890224457,-0.47961679100990295,0.9517765045166016,0.42657479643821716,-0.5168148279190063,0.8992151021957397,0.41721948981285095,-0.23262876272201538,1.0623005628585815,0.43969807028770447,-0.565860390663147,0.9253246188163757